speed,occ,flow,station_id,timestamp,is_incident,speed_smoothed,occ_smoothed
64.1,0.0546,239.0,314036,2016-05-27 11:50:00,0,64.1,0.0546
64.7,0.0515,225.0,314036,2016-05-27 11:55:00,0,64.19,0.054135
62.9,0.0623,255.0,314036,2016-05-27 12:00:00,0,63.9965,0.05535975
62.5,0.0551,232.0,314036,2016-05-27 12:05:00,0,63.772025,0.0553207875
62.7,0.0526,228.0,314036,2016-05-27 12:10:00,0,63.61122125,0.054912669375
63.5,0.0579,255.0,314036,2016-05-27 12:15:00,0,63.5945380625,0.055360768968749995
62.8,0.0539,230.0,314036,2016-05-27 12:20:00,0,63.475357353125,0.055141653623437495
60.9,0.0604,245.0,314036,2016-05-27 12:25:00,0,63.089053750156246,0.05593040557992187
61.4,0.0519,218.0,314036,2016-05-27 12:30:00,0,62.83569568763281,0.05532584474293359
61.4,0.0599,244.0,314036,2016-05-27 12:35:00,0,62.62034133448788,0.056011968031493546
61.3,0.0568,237.0,314036,2016-05-27 12:40:00,0,62.4222901343147,0.05613017282676951
63.5,0.0519,238.0,314036,2016-05-27 12:45:00,0,62.583946614167495,0.05549564690275408
62.2,0.0524,219.0,314036,2016-05-27 12:50:00,0,62.52635462204237,0.05503129986734097
63.2,0.0519,228.0,314036,2016-05-27 12:55:00,0,62.62740142873601,0.05456160488723982
64.1,0.0565,257.0,314036,2016-05-27 13:00:00,0,62.8482912144256,0.05485236415415384
63.2,0.0619,265.0,314036,2016-05-27 13:05:00,0,62.90104753226176,0.055909509531030764
64.5,0.0526,239.0,314036,2016-05-27 13:10:00,0,63.14089040242249,0.05541308310137615
64.3,0.053,232.0,314036,2016-05-27 13:15:00,0,63.31475684205911,0.05505112063616973
63.6,0.055999999999999994,245.0,314036,2016-05-27 13:20:00,0,63.35754331575024,0.055193452540744266
62.6,0.0551,239.0,314036,2016-05-27 13:25:00,0,63.2439118183877,0.055179434659632626
63.8,0.0542,242.0,314036,2016-05-27 13:30:00,0,63.32732504562954,0.055032519460687726
62.8,0.0645,278.0,314036,2016-05-27 13:35:00,0,63.24822628878511,0.05645264154158457
64.5,0.055999999999999994,261.0,314036,2016-05-27 13:40:00,0,63.43599234546734,0.05638474531034688
64.3,0.0594,268.0,314036,2016-05-27 13:45:00,0,63.56559349364724,0.05683703351379485
63.4,0.0552,238.0,314036,2016-05-27 13:50:00,0,63.54075446960015,0.05659147848672562
63.0,0.0553,241.0,314036,2016-05-27 13:55:00,0,63.459641299160126,0.05639775671371677
63.4,0.0525,237.0,314036,2016-05-27 14:00:00,0,63.450695104286105,0.05581309320665925
61.6,0.0666,275.0,314036,2016-05-27 14:05:00,0,63.17309083864319,0.05743112922566036
62.4,0.0558,249.0,314036,2016-05-27 14:10:00,0,63.05712721284671,0.05718645984181131
63.2,0.0523,237.0,314036,2016-05-27 14:15:00,0,63.0785581309197,0.05645349086553961
63.7,0.0621,280.0,314036,2016-05-27 14:20:00,0,63.171774411281746,0.05730046723570867
63.3,0.0716,315.0,314036,2016-05-27 14:25:00,0,63.19100824958948,0.059445397150352366
63.8,0.0534,240.0,314036,2016-05-27 14:30:00,0,63.28235701215106,0.058538587577799506
64.7,0.0606,280.0,314036,2016-05-27 14:35:00,0,63.4950034603284,0.05884779944112958
63.6,0.0674,299.0,314036,2016-05-27 14:40:00,0,63.51075294127914,0.06013062952496014
63.6,0.0627,283.0,314036,2016-05-27 14:45:00,0,63.524140000087264,0.060516035096216114
62.8,0.0597,266.0,314036,2016-05-27 14:50:00,0,63.41551900007418,0.060393629831783695
61.9,0.0613,273.0,314036,2016-05-27 14:55:00,0,63.18819115006305,0.06052958535701614
60.4,0.0712,307.0,314036,2016-05-27 15:00:00,0,62.76996247755359,0.06213014755346372
61.1,0.0687,309.0,314036,2016-05-27 15:05:00,0,62.51946810592055,0.06311562542044416
60.8,0.0775,340.0,314036,2016-05-27 15:10:00,0,62.26154789003247,0.06527328160737754
60.7,0.0804,353.0,314036,2016-05-27 15:15:00,0,62.0273157065276,0.06754228936627091
60.4,0.0824,361.0,314036,2016-05-27 15:20:00,0,61.783218350548466,0.06977094596133027
60.2,0.0774,337.0,314036,2016-05-27 15:25:00,0,61.5457355979662,0.07091530406713073
60.6,0.0814,360.0,314036,2016-05-27 15:30:00,0,61.40387525827127,0.07248800845706112
60.9,0.0745,329.0,314036,2016-05-27 15:35:00,0,61.32829396953058,0.07278980718850195
61.7,0.0788,357.0,314036,2016-05-27 15:40:00,0,61.384049874100995,0.07369133611022666
61.8,0.0797,356.0,314036,2016-05-27 15:45:00,0,61.446442392985844,0.07459263569369265
61.9,0.0845,382.0,314036,2016-05-27 15:50:00,0,61.51447603403797,0.07607874033963875
61.2,0.0801,350.0,314036,2016-05-27 15:55:00,0,61.467304628932276,0.07668192928869294
61.8,0.0811,365.0,314036,2016-05-27 16:00:00,0,61.51720893459243,0.07734463989538899
61.6,0.0809,358.0,314036,2016-05-27 16:05:00,0,61.52962759440357,0.07787794391108063
62.4,0.0747,343.0,314036,2016-05-27 16:10:00,0,61.660183455243036,0.07740125232441852
61.6,0.0894,392.0,314036,2016-05-27 16:15:00,0,61.651155936956584,0.07920106447575573
61.1,0.0867,379.0,314036,2016-05-27 16:20:00,0,61.568482546413094,0.08032590480439238
60.5,0.0861,374.0,314036,2016-05-27 16:25:00,0,61.408210164451134,0.08119201908373351
60.1,0.0802,346.0,314036,2016-05-27 16:30:00,0,61.21197863978346,0.08104321622117348
60.8,0.0859,377.0,314036,2016-05-27 16:35:00,0,61.150181843815936,0.08177173378799746
61.0,0.0821,360.0,314036,2016-05-27 16:40:00,0,61.127654567243546,0.08182097371979784
60.9,0.0892,390.0,314036,2016-05-27 16:45:00,0,61.09350638215701,0.08292782766182816
61.2,0.0727,323.0,314036,2016-05-27 16:50:00,0,61.10948042483346,0.08139365351255393
61.8,0.0744,333.0,314036,2016-05-27 16:55:00,0,61.21305836110844,0.08034460548567084
61.3,0.0778,339.0,314036,2016-05-27 17:00:00,0,61.22609960694217,0.07996291466282021
62.6,0.0723,332.0,314036,2016-05-27 17:05:00,0,61.43218466590084,0.07881347746339717
61.8,0.0889,392.0,314036,2016-05-27 17:10:00,0,61.48735696601571,0.08032645584388759
62.8,0.0695,319.0,314036,2016-05-27 17:15:00,0,61.684253421113354,0.07870248746730445
62.2,0.0777,341.0,314036,2016-05-27 17:20:00,0,61.76161540794635,0.07855211434720878
62.2,0.0777,347.0,314036,2016-05-27 17:25:00,0,61.82737309675439,0.07842429719512746
63.4,0.0662,309.0,314036,2016-05-27 17:30:00,0,62.06326713224123,0.07659065261585833
63.3,0.0664,302.0,314036,2016-05-27 17:35:00,0,62.24877706240504,0.07506205472347957
62.8,0.0655,294.0,314036,2016-05-27 17:40:00,0,62.33146050304428,0.07362774651495764
64.6,0.0555,266.0,314036,2016-05-27 17:45:00,0,62.67174142758764,0.070908584537714
64.7,0.0537,249.0,314036,2016-05-27 17:50:00,0,62.97598021344949,0.0683272968570569
64.5,0.05,230.0,314036,2016-05-27 17:55:00,0,63.204583181432064,0.06557820232849836
64.4,0.0635,292.0,314036,2016-05-27 18:00:00,0,63.38389570421725,0.0652664719792236
63.9,0.0665,300.0,314036,2016-05-27 18:05:00,0,63.461311348584665,0.06545150118234005
65.1,0.051,244.0,314036,2016-05-27 18:10:00,0,63.707114646296965,0.06328377600498905
64.3,0.0557,249.0,314036,2016-05-27 18:15:00,0,63.796047449352415,0.06214620960424069
64.1,0.0598,275.0,314036,2016-05-27 18:20:00,0,63.84164033194955,0.06179427816360459
64.6,0.0468,218.0,314036,2016-05-27 18:25:00,0,63.955394282157116,0.059545136439063895
56.3,0.0818,243.0,314036,2016-05-27 18:30:00,0,62.807085139833546,0.0628833659732043
61.0,0.0445,210.0,314036,2016-05-27 18:35:00,0,62.53602236885851,0.06012586107722366
63.7,0.052000000000000005,250.0,314036,2016-05-27 18:40:00,0,62.71061901352973,0.05890698191564011
64.4,0.0513,237.0,314036,2016-05-27 18:45:00,0,62.96402616150027,0.057765934628294095
65.0,0.0426,197.0,314036,2016-05-27 18:50:00,0,63.26942223727523,0.05549104443404998
65.2,0.0416,193.0,314036,2016-05-27 18:55:00,0,63.559008901683946,0.05340738776894249
66.1,0.0457,207.0,314036,2016-05-27 19:00:00,0,63.94015756643135,0.05225127960360111
67.1,0.044000000000000004,203.0,314036,2016-05-27 19:05:00,0,64.41413393146665,0.051013587663060946
68.6,0.0422,200.0,314036,2016-05-27 19:10:00,0,65.04201384174665,0.0496915495136018
67.7,0.044000000000000004,202.0,314036,2016-05-27 19:15:00,0,65.44071176548465,0.048837817086561534
69.3,0.039,188.0,314036,2016-05-27 19:20:00,0,66.01960500066195,0.0473621445235773
69.7,0.0393,189.0,314036,2016-05-27 19:25:00,0,66.57166425056266,0.0461528228450407
68.9,0.0386,177.0,314036,2016-05-27 19:30:00,0,66.92091461297827,0.04501989941828459
68.8,0.043,203.0,314036,2016-05-27 19:35:00,0,67.20277742103153,0.044716914505541897
68.8,0.0432,198.0,314036,2016-05-27 19:40:00,0,67.4423608078768,0.04448937732971061
68.6,0.0379,176.0,314036,2016-05-27 19:45:00,0,67.61600668669527,0.04350097073025402
70.2,0.0348,173.0,314036,2016-05-27 19:50:00,0,68.00360568369098,0.042195825120715916
68.1,0.0376,166.0,314036,2016-05-27 19:55:00,0,68.01806483113732,0.041506451352608525
67.7,0.0309,138.0,314036,2016-05-27 20:00:00,0,67.97035510646673,0.03991548364971725
67.9,0.0342,156.0,314036,2016-05-27 20:05:00,0,67.95980184049671,0.03905816110225966
68.9,0.0341,159.0,314036,2016-05-27 20:10:00,0,68.10083156442221,0.038314436936920715
68.6,0.0305,140.0,314036,2016-05-27 20:15:00,0,68.17570682975887,0.03714227139638261
68.7,0.0294,136.0,314036,2016-05-27 20:20:00,0,68.25435080529503,0.03598093068692522
69.3,0.0319,147.0,314036,2016-05-27 20:25:00,0,68.41119818450078,0.035368791083886436
69.9,0.0344,166.0,314036,2016-05-27 20:30:00,0,68.63451845682566,0.03522347242130347
69.8,0.0324,153.0,314036,2016-05-27 20:35:00,0,68.8093406883018,0.034799951558107944
69.9,0.0351,166.0,314036,2016-05-27 20:40:00,0,68.97293958505654,0.03484495882439175
68.7,0.028999999999999998,132.0,314036,2016-05-27 20:45:00,0,68.93199864729806,0.033968215000732986
68.6,0.0317,146.0,314036,2016-05-27 20:50:00,0,68.88219885020334,0.03362798275062304
68.9,0.0309,144.0,314036,2016-05-27 20:55:00,0,68.88486902267283,0.03321878533802958
57.7,0.0666,156.0,314036,2016-05-27 21:00:00,0,67.2071386692719,0.03822596753732514
63.3,0.0285,135.0,314036,2016-05-27 21:05:00,0,66.62106786888111,0.03676707240672637
64.7,0.0341,154.0,314036,2016-05-27 21:10:00,0,66.33290768854894,0.03636701154571742
66.1,0.0355,162.0,314036,2016-05-27 21:15:00,0,66.2979715352666,0.036236959813859805
67.3,0.0301,141.0,314036,2016-05-27 21:20:00,0,66.4482758049766,0.035316415841780836
67.4,0.032,145.0,314036,2016-05-27 21:25:00,0,66.59103443423011,0.03481895346551371
68.9,0.0292,141.0,314036,2016-05-27 21:30:00,0,66.9373792690956,0.03397611044568665
68.7,0.0358,166.0,314036,2016-05-27 21:35:00,0,67.20177237873125,0.034249693878833656
68.7,0.0336,156.0,314036,2016-05-27 21:40:00,0,67.42650652192157,0.034152239797008606
69.2,0.033,155.0,314036,2016-05-27 21:45:00,0,67.69253054363332,0.033979403827457316
69.5,0.0317,150.0,314036,2016-05-27 21:50:00,0,67.96365096208832,0.033637493253338716
69.6,0.0286,138.0,314036,2016-05-27 21:55:00,0,68.20910331777507,0.032881869265337905
68.0,0.0375,168.0,314036,2016-05-27 22:00:00,0,68.17773782010882,0.03357458887553722
67.8,0.0344,151.0,314036,2016-05-27 22:05:00,0,68.12107714709249,0.033698400544206634
68.4,0.0338,159.0,314036,2016-05-27 22:10:00,0,68.16291557502862,0.03371364046257564
67.9,0.0312,143.0,314036,2016-05-27 22:15:00,0,68.12347823877433,0.03333659439318929
68.8,0.0331,156.0,314036,2016-05-27 22:20:00,0,68.22495650295816,0.0333011052342109
69.0,0.026000000000000002,124.0,314036,2016-05-27 22:25:00,0,68.34121302751444,0.03220593944907926
69.5,0.0282,133.0,314036,2016-05-27 22:30:00,0,68.51503107338728,0.031605048531717375
68.9,0.0285,130.0,314036,2016-05-27 22:35:00,0,68.57277641237918,0.03113929125195977
69.7,0.023,114.0,314036,2016-05-27 22:40:00,0,68.74185995052231,0.029918397564165804
69.0,0.0261,120.0,314036,2016-05-27 22:45:00,0,68.78058095794395,0.02934563792954093
69.2,0.0249,119.0,314036,2016-05-27 22:50:00,0,68.84349381425235,0.02867879224010979
68.9,0.0269,122.0,314036,2016-05-27 22:55:00,0,68.8519697421145,0.02841197340409332
67.4,0.034,153.0,314036,2016-05-27 23:00:00,0,68.63417428079732,0.029250177393479324
67.9,0.0268,124.0,314036,2016-05-27 23:05:00,0,68.52404813867773,0.028882650784457425
67.7,0.0244,114.0,314036,2016-05-27 23:10:00,0,68.40044091787607,0.02821025316678881
68.1,0.0256,122.0,314036,2016-05-27 23:15:00,0,68.35537478019465,0.027818715191770486
68.2,0.0221,102.0,314036,2016-05-27 23:20:00,0,68.33206856316545,0.026960907913004914
68.7,0.0186,88.0,314036,2016-05-27 23:25:00,0,68.38725827869064,0.02570677172605418
68.3,0.0197,90.0,314036,2016-05-27 23:30:00,0,68.37416953688704,0.02480575596714605
69.1,0.0176,82.0,314036,2016-05-27 23:35:00,0,68.48304410635397,0.023724892572074142
67.7,0.0169,75.0,314036,2016-05-27 23:40:00,0,68.36558749040087,0.02270115868626302
69.1,0.0178,90.0,314036,2016-05-27 23:45:00,0,68.47574936684073,0.021965984883323568
69.3,0.0147,68.0,314036,2016-05-27 23:50:00,0,68.59938696181462,0.02087608715082503
68.3,0.0156,70.0,314036,2016-05-27 23:55:00,0,68.55447891754243,0.020084674078201276
68.8,0.0174,81.0,314036,2016-05-28 00:00:00,0,68.59130707991106,0.019681972966471086
68.0,0.0166,67.0,314036,2016-05-28 00:05:00,0,68.5026110179244,0.01921967702150042
68.6,0.0159,73.0,314036,2016-05-28 00:10:00,0,68.51721936523573,0.018721725468275358
68.0,0.0138,67.0,314036,2016-05-28 00:15:00,0,68.43963646045037,0.017983466648034054
68.2,0.0139,62.0,314036,2016-05-28 00:20:00,0,68.40369099138282,0.017370946650828945
68.9,0.0141,64.0,314036,2016-05-28 00:25:00,0,68.4781373426754,0.016880304653204604
69.1,0.0114,57.0,314036,2016-05-28 00:30:00,0,68.57141674127408,0.016058258955223913
67.8,0.0113,51.0,314036,2016-05-28 00:35:00,0,68.45570423008296,0.015344520111940325
68.4,0.0116,51.0,314036,2016-05-28 00:40:00,0,68.44734859557052,0.014782842095149277
68.2,0.0069,31.0,314036,2016-05-28 00:45:00,0,68.41024630623494,0.013600415780876883
67.2,0.0109,45.0,314036,2016-05-28 00:50:00,0,68.2287093602997,0.01319535341374535
67.8,0.011000000000000001,48.0,314036,2016-05-28 00:55:00,0,68.16440295625475,0.012866050401683548
68.1,0.0122,55.0,314036,2016-05-28 01:00:00,0,68.15474251281654,0.012766142841431016
68.2,0.0078,34.0,314036,2016-05-28 01:05:00,0,68.16153113589405,0.012021221415216363
68.2,0.006999999999999999,31.0,314036,2016-05-28 01:10:00,0,68.16730146550994,0.011268038202933909
68.2,0.0092,47.0,314036,2016-05-28 01:15:00,0,68.17220624568344,0.01095783247249382
69.4,0.0065,30.0,314036,2016-05-28 01:20:00,0,68.35637530883092,0.010289157601619747
68.6,0.0081,38.0,314036,2016-05-28 01:25:00,0,68.39291901250627,0.009960783961376785
67.1,0.0069,30.0,314036,2016-05-28 01:30:00,0,68.19898116063032,0.009501666367170265
68.6,0.0074,31.0,314036,2016-05-28 01:35:00,0,68.25913398653577,0.009186416412094726
68.0,0.0048,22.0,314036,2016-05-28 01:40:00,0,68.22026388855541,0.008528453950280516
67.3,0.0066,25.0,314036,2016-05-28 01:45:00,0,68.08222430527209,0.008239185857738439
67.4,0.0058,27.0,314036,2016-05-28 01:50:00,0,67.97989065948128,0.007873307979077673
66.3,0.0059,21.0,314036,2016-05-28 01:55:00,0,67.72790706055909,0.007577311782216021
68.2,0.0035,17.0,314036,2016-05-28 02:00:00,0,67.79872100147523,0.006965715014883618
67.1,0.0062,28.0,314036,2016-05-28 02:05:00,0,67.69391285125394,0.006850857762651075
69.3,0.0049,22.0,314036,2016-05-28 02:10:00,0,67.93482592356585,0.006558229098253415
68.7,0.0058,22.0,314036,2016-05-28 02:15:00,0,68.04960203503097,0.006444494733515402
67.9,0.0051,22.0,314036,2016-05-28 02:20:00,0,68.02716172977632,0.006242820523488092
66.2,0.0031,12.0,314036,2016-05-28 02:25:00,0,67.75308747030988,0.0057713974449648785
68.0,0.0035,18.0,314036,2016-05-28 02:30:00,0,67.79012434976339,0.005430687828220147
68.1,0.0039,16.0,314036,2016-05-28 02:35:00,0,67.83660569729888,0.005201084653987125
68.0,0.0057,23.0,314036,2016-05-28 02:40:00,0,67.86111484270404,0.005275921955889056
66.8,0.0042,15.0,314036,2016-05-28 02:45:00,0,67.70194761629843,0.005114533662505697
69.2,0.0033,15.0,314036,2016-05-28 02:50:00,0,67.92665547385366,0.004842353613129842
68.9,0.0033,16.0,314036,2016-05-28 02:55:00,0,68.0726571527756,0.004611000571160365
67.7,0.0046,21.0,314036,2016-05-28 03:00:00,0,68.01675857985926,0.00460935048548631
68.7,0.0038,17.0,314036,2016-05-28 03:05:00,0,68.11924479288037,0.004487947912663363
67.4,0.0045,19.0,314036,2016-05-28 03:10:00,0,68.01135807394832,0.0044897557257638585
68.2,0.004,20.0,314036,2016-05-28 03:15:00,0,68.03965436285607,0.00441629236689928
68.1,0.0034,16.0,314036,2016-05-28 03:20:00,0,68.04870620842766,0.0042638485118643875
67.3,0.006,19.0,314036,2016-05-28 03:25:00,0,67.9364002771635,0.004524271235084729
67.2,0.0044,23.0,314036,2016-05-28 03:30:00,0,67.82594023558897,0.0045056305498220196
67.8,0.0048,24.0,314036,2016-05-28 03:35:00,0,67.82204920025062,0.0045497859673487165
70.2,0.0041,22.0,314036,2016-05-28 03:40:00,0,68.17874182021302,0.004482318072246408
68.3,0.0058,26.0,314036,2016-05-28 03:45:00,0,68.19693054718107,0.004679970361409447
67.8,0.0064,26.0,314036,2016-05-28 03:50:00,0,68.1373909651039,0.00493797480719803
67.5,0.0047,15.0,314036,2016-05-28 03:55:00,0,68.04178232033831,0.004902278586118325
65.5,0.0062,19.0,314036,2016-05-28 04:00:00,0,67.66051497228756,0.005096936798200577
67.0,0.0047,18.0,314036,2016-05-28 04:05:00,0,67.56143772644442,0.00503739627847049
67.7,0.0043,20.0,314036,2016-05-28 04:10:00,0,67.58222206747776,0.004926786836699917
68.4,0.0056,20.0,314036,2016-05-28 04:15:00,0,67.70488875735609,0.005027768811194928
66.6,0.0057,24.0,314036,2016-05-28 04:20:00,0,67.53915544375268,0.005128603489515689
67.8,0.0054,24.0,314036,2016-05-28 04:25:00,0,67.57828212718977,0.005169312966088336
67.8,0.0101,44.0,314036,2016-05-28 04:30:00,0,67.6115398081113,0.005908916021175085
68.0,0.0071,37.0,314036,2016-05-28 04:35:00,0,67.6698088368946,0.006087578617998822
68.1,0.0068,29.0,314036,2016-05-28 04:40:00,0,67.73433751136041,0.006194441825298999
69.2,0.0066,37.0,314036,2016-05-28 04:45:00,0,67.95418688465634,0.006255275551504149
69.3,0.0059,31.0,314036,2016-05-28 04:50:00,0,68.15605885195788,0.006201984218778527
67.7,0.006,24.0,314036,2016-05-28 04:55:00,0,68.08765002416419,0.006171686585961748
67.7,0.006,26.0,314036,2016-05-28 05:00:00,0,68.02950252053955,0.006145933598067485
68.2,0.0079,31.0,314036,2016-05-28 05:05:00,0,68.05507714245861,0.006409043558357363
67.7,0.0096,35.0,314036,2016-05-28 05:10:00,0,68.00181557108982,0.006887687024603758
67.6,0.0097,46.0,314036,2016-05-28 05:15:00,0,67.94154323542634,0.0073095339709131945
67.6,0.0135,56.0,314036,2016-05-28 05:20:00,0,67.89031175011239,0.008238103875276216
69.0,0.0129,63.0,314036,2016-05-28 05:25:00,0,68.05676498759553,0.008937388293984784
69.1,0.0111,57.0,314036,2016-05-28 05:30:00,0,68.2132502394562,0.009261780049887066
69.1,0.017,84.0,314036,2016-05-28 05:35:00,0,68.34626270353776,0.010422513042404005
69.6,0.0156,79.0,314036,2016-05-28 05:40:00,0,68.5343232980071,0.011199136086043403
68.7,0.0163,73.0,314036,2016-05-28 05:45:00,0,68.55917480330604,0.011964265673136892
69.2,0.0163,81.0,314036,2016-05-28 05:50:00,0,68.65529858281013,0.012614625822166357
68.9,0.0128,55.0,314036,2016-05-28 05:55:00,0,68.69200379538862,0.012642431948841402
69.0,0.0124,60.0,314036,2016-05-28 06:00:00,0,68.73820322608032,0.012606067156515192
67.9,0.013000000000000001,53.0,314036,2016-05-28 06:05:00,0,68.61247274216826,0.012665157083037913
68.8,0.0138,59.0,314036,2016-05-28 06:10:00,0,68.64060183084302,0.012835383520582225
68.6,0.0188,83.0,314036,2016-05-28 06:15:00,0,68.63451155621657,0.013730075992494891
68.1,0.0224,97.0,314036,2016-05-28 06:20:00,0,68.55433482278409,0.015030564593620658
68.5,0.0212,94.0,314036,2016-05-28 06:25:00,0,68.54618459936647,0.015955979904577557
68.8,0.0208,96.0,314036,2016-05-28 06:30:00,0,68.58425690946149,0.016682582918890923
69.3,0.0218,103.0,314036,2016-05-28 06:35:00,0,68.69161837304226,0.017450195481057282
68.2,0.0301,127.0,314036,2016-05-28 06:40:00,0,68.61787561708591,0.01934766615889869
68.6,0.0292,135.0,314036,2016-05-28 06:45:00,0,68.61519427452302,0.020825516235063887
66.6,0.026000000000000002,104.0,314036,2016-05-28 06:50:00,0,68.31291513334456,0.021601688799804303
66.9,0.0292,126.0,314036,2016-05-28 06:55:00,0,68.10097786334288,0.022741435479833656
67.6,0.0259,113.0,314036,2016-05-28 07:00:00,0,68.02583118384145,0.023215220157858606
66.8,0.0291,123.0,314036,2016-05-28 07:05:00,0,67.84195650626523,0.024097937134179816
68.7,0.0275,130.0,314036,2016-05-28 07:10:00,0,67.97066303032545,0.024608246564052843
68.7,0.0318,143.0,314036,2016-05-28 07:15:00,0,68.08006357577663,0.025687009579444916
67.9,0.0303,130.0,314036,2016-05-28 07:20:00,0,68.05305403941014,0.026378958142528178
67.5,0.04,171.0,314036,2016-05-28 07:25:00,0,67.97009593349861,0.028422114421148947
68.5,0.037000000000000005,167.0,314036,2016-05-28 07:30:00,0,68.04958154347382,0.029708797257976604
68.0,0.0447,200.0,314036,2016-05-28 07:35:00,0,68.04214431195274,0.031957477669280115
68.5,0.0443,199.0,314036,2016-05-28 07:40:00,0,68.11082266515983,0.0338088560188881
68.1,0.0427,188.0,314036,2016-05-28 07:45:00,0,68.10919926538585,0.03514252761605488
69.9,0.0425,197.0,314036,2016-05-28 07:50:00,0,68.37781937557797,0.03624614847364665
70.4,0.0383,177.0,314036,2016-05-28 07:55:00,0,68.68114646924127,0.036554226202599654
70.1,0.0332,152.0,314036,2016-05-28 08:00:00,0,68.89397449885507,0.036051092272209706
70.1,0.0331,152.0,314036,2016-05-28 08:05:00,0,69.07487832402681,0.03560842843137825
69.7,0.0406,187.0,314036,2016-05-28 08:10:00,0,69.16864657542278,0.036357164166671514
69.5,0.0369,170.0,314036,2016-05-28 08:15:00,0,69.21834958910937,0.036438589541670785
68.7,0.0364,162.0,314036,2016-05-28 08:20:00,0,69.14059715074296,0.03643280111042017
68.6,0.0443,198.0,314036,2016-05-28 08:25:00,0,69.05950757813152,0.03761288094385714
67.8,0.0484,212.0,314036,2016-05-28 08:30:00,0,68.87058144141179,0.039230948802278565
67.4,0.0424,187.0,314036,2016-05-28 08:35:00,0,68.64999422520002,0.03970630648193678
69.0,0.0422,200.0,314036,2016-05-28 08:40:00,0,68.70249509142,0.040080360509646265
69.2,0.0415,193.0,314036,2016-05-28 08:45:00,0,68.777120827707,0.040293306433199325
70.0,0.0408,195.0,314036,2016-05-28 08:50:00,0,68.96055270355095,0.04036931046821943
69.9,0.0449,210.0,314036,2016-05-28 08:55:00,0,69.1014697980183,0.04104891389798651
68.9,0.0416,189.0,314036,2016-05-28 09:00:00,0,69.07124932831556,0.04113157681328854
68.6,0.0399,183.0,314036,2016-05-28 09:05:00,0,69.00056192906823,0.04094684029129525
67.9,0.0423,190.0,314036,2016-05-28 09:10:00,0,68.83547763970799,0.04114981424760096
69.1,0.0433,202.0,314036,2016-05-28 09:15:00,0,68.87515599375179,0.041472342110460816
68.6,0.0517,234.0,314036,2016-05-28 09:20:00,0,68.83388259468902,0.04300649079389169
68.4,0.0471,216.0,314036,2016-05-28 09:25:00,0,68.76880020548566,0.043620517174807937
67.3,0.0538,235.0,314036,2016-05-28 09:30:00,0,68.54848017466281,0.04514743959858675
69.0,0.0456,215.0,314036,2016-05-28 09:35:00,0,68.61620814846339,0.04521532365879873
68.4,0.0498,225.0,314036,2016-05-28 09:40:00,0,68.58377692619388,0.04590302510997892
69.3,0.0474,226.0,314036,2016-05-28 09:45:00,0,68.69121038726479,0.04612757134348208
69.5,0.0458,214.0,314036,2016-05-28 09:50:00,0,68.81252882917506,0.04607843564195977
69.6,0.0469,220.0,314036,2016-05-28 09:55:00,0,68.93064950479881,0.046201670295665805
68.2,0.0488,219.0,314036,2016-05-28 10:00:00,0,68.82105207907898,0.046591419751315935
67.6,0.0559,250.0,314036,2016-05-28 10:05:00,0,68.63789426721713,0.04798770678861855
68.0,0.0461,212.0,314036,2016-05-28 10:10:00,0,68.54221012713457,0.04770455077032577
68.8,0.0475,221.0,314036,2016-05-28 10:15:00,0,68.58087860806438,0.0476738681547769
68.8,0.0479,222.0,314036,2016-05-28 10:20:00,0,68.61374681685471,0.04770778793156036
67.6,0.0551,244.0,314036,2016-05-28 10:25:00,0,68.4616847943265,0.04881661974182631
67.2,0.0552,246.0,314036,2016-05-28 10:30:00,0,68.27243207517752,0.04977412678055236
58.9,0.0825,234.0,314036,2016-05-28 10:35:00,0,66.86656726390089,0.0546830077634695
63.3,0.0529,245.0,314036,2016-05-28 10:40:00,0,66.33158217431576,0.054415556598949075
66.2,0.0551,254.0,314036,2016-05-28 10:45:00,0,66.31184484816839,0.054518223109106714
67.2,0.0487,221.0,314036,2016-05-28 10:50:00,0,66.44506812094313,0.053645489642740705
66.8,0.0566,250.0,314036,2016-05-28 10:55:00,0,66.49830790280166,0.0540886661963296
65.7,0.0471,210.0,314036,2016-05-28 11:00:00,0,66.3785617173814,0.05304036626688016
66.2,0.0494,227.0,314036,2016-05-28 11:05:00,0,66.35177745977418,0.052494311326848134
66.9,0.0495,233.0,314036,2016-05-28 11:10:00,0,66.43401084080806,0.05204516462782091
67.2,0.0467,221.0,314036,2016-05-28 11:15:00,0,66.54890921468684,0.05124338993364777
65.7,0.0455,202.0,314036,2016-05-28 11:20:00,0,66.42157283248382,0.050381881443600604
65.8,0.05,227.0,314036,2016-05-28 11:25:00,0,66.32833690761125,0.050324599227060514
65.4,0.0607,272.0,314036,2016-05-28 11:30:00,0,66.18908637146956,0.051880909343001436
67.0,0.0478,230.0,314036,2016-05-28 11:35:00,0,66.31072341574912,0.05126877294155122
67.2,0.0538,252.0,314036,2016-05-28 11:40:00,0,66.44411490338676,0.05164845700031854
66.7,0.0509,234.0,314036,2016-05-28 11:45:00,0,66.48249766787875,0.05153618845027076
67.0,0.0508,237.0,314036,2016-05-28 11:50:00,0,66.56012301769694,0.05142576018273015
67.0,0.0547,254.0,314036,2016-05-28 11:55:00,0,66.6261045650424,0.05191689615532062
66.5,0.0523,237.0,314036,2016-05-28 12:00:00,0,66.60718888028603,0.05197436173202252
67.2,0.051,239.0,314036,2016-05-28 12:05:00,0,66.69611054824313,0.05182820747221914
66.3,0.0478,218.0,314036,2016-05-28 12:10:00,0,66.63669396600665,0.05122397635138627
65.9,0.0479,219.0,314036,2016-05-28 12:15:00,0,66.52618987110564,0.05072537989867833
66.4,0.0589,274.0,314036,2016-05-28 12:20:00,0,66.5072613904398,0.05195157291387657
66.7,0.048,227.0,314036,2016-05-28 12:25:00,0,66.53617218187382,0.05135883697679509
65.9,0.0546,250.0,314036,2016-05-28 12:30:00,0,66.44074635459275,0.051845011430275825
66.1,0.0548,252.0,314036,2016-05-28 12:35:00,0,66.38963440140384,0.05228825971573445
67.1,0.0476,226.0,314036,2016-05-28 12:40:00,0,66.49618924119326,0.05158502075837428
67.0,0.0543,252.0,314036,2016-05-28 12:45:00,0,66.57176085501428,0.05199226764461814
66.0,0.0512,232.0,314036,2016-05-28 12:50:00,0,66.48599672676214,0.051873427497925416
66.1,0.0567,261.0,314036,2016-05-28 12:55:00,0,66.42809721774782,0.052597413373236604
65.9,0.0547,250.0,314036,2016-05-28 13:00:00,0,66.34888263508564,0.05291280136725111
66.5,0.0536,251.0,314036,2016-05-28 13:05:00,0,66.3715502398228,0.053015881162163436
67.1,0.0472,223.0,314036,2016-05-28 13:10:00,0,66.48081770384938,0.05214349898783892
66.7,0.0551,255.0,314036,2016-05-28 13:15:00,0,66.51369504827197,0.05258697413966308
65.9,0.0508,231.0,314036,2016-05-28 13:20:00,0,66.42164079103118,0.05231892801871362
66.6,0.0478,227.0,314036,2016-05-28 13:25:00,0,66.4483946723765,0.05164108881590658
66.2,0.0589,274.0,314036,2016-05-28 13:30:00,0,66.41113547152003,0.052729925493520596
67.1,0.0461,221.0,314036,2016-05-28 13:35:00,0,66.51446515079202,0.051735436669492506
66.7,0.0506,233.0,314036,2016-05-28 13:40:00,0,66.54229537817321,0.051565121169068626
66.8,0.0482,226.0,314036,2016-05-28 13:45:00,0,66.58095107144723,0.051060352993708334
65.6,0.0566,256.0,314036,2016-05-28 13:50:00,0,66.43380841073015,0.05189130004465208
65.6,0.0537,246.0,314036,2016-05-28 13:55:00,0,66.30873714912063,0.052162605037954266
66.1,0.0527,246.0,314036,2016-05-28 14:00:00,0,66.27742657675253,0.05224321428226113
67.1,0.0457,218.0,314036,2016-05-28 14:05:00,0,66.40081259023965,0.05126173213992196
67.6,0.0487,229.0,314036,2016-05-28 14:10:00,0,66.5806907017037,0.050877472318933664
67.0,0.0487,224.0,314036,2016-05-28 14:15:00,0,66.64358709644814,0.05055085147109361
67.0,0.0546,258.0,314036,2016-05-28 14:20:00,0,66.69704903198092,0.05115822375042957
66.3,0.053,244.0,314036,2016-05-28 14:25:00,0,66.63749167718377,0.05143449018786513
65.9,0.0571,262.0,314036,2016-05-28 14:30:00,0,66.52686792560621,0.05228431665968536
66.4,0.0536,251.0,314036,2016-05-28 14:35:00,0,66.50783773676528,0.052481669160732554
66.4,0.047,216.0,314036,2016-05-28 14:40:00,0,66.49166207625049,0.05165941878662267
66.6,0.0511,239.0,314036,2016-05-28 14:45:00,0,66.50791276481291,0.05157550596862927
66.8,0.0457,212.0,314036,2016-05-28 14:50:00,0,66.55172585009097,0.05069418007333488
67.2,0.0542,256.0,314036,2016-05-28 14:55:00,0,66.64896697257733,0.051220053062334646
66.3,0.053,242.0,314036,2016-05-28 15:00:00,0,66.59662192669072,0.05148704510298445
66.4,0.0467,218.0,314036,2016-05-28 15:05:00,0,66.5671286376871,0.05076898833753678
66.8,0.0481,228.0,314036,2016-05-28 15:10:00,0,66.60205934203404,0.05036864008690626
66.6,0.0477,222.0,314036,2016-05-28 15:15:00,0,66.60175044072894,0.04996834407387032
67.2,0.044000000000000004,213.0,314036,2016-05-28 15:20:00,0,66.6914878746196,0.04907309246278977
67.1,0.0439,211.0,314036,2016-05-28 15:25:00,0,66.75276469342666,0.048297128593371305
67.2,0.0497,239.0,314036,2016-05-28 15:30:00,0,66.81984998941266,0.04850755930436561
67.2,0.0472,223.0,314036,2016-05-28 15:35:00,0,66.87687249100077,0.048311425408710765
68.3,0.0371,178.0,314036,2016-05-28 15:40:00,0,67.09034161735065,0.04662971159740415
67.1,0.0499,233.0,314036,2016-05-28 15:45:00,0,67.09179037474804,0.047120254857793524
65.8,0.0553,252.0,314036,2016-05-28 15:50:00,0,66.89802181853584,0.0483472166291245
66.2,0.0498,235.0,314036,2016-05-28 15:55:00,0,66.79331854575545,0.04856513413475582
66.7,0.0432,200.0,314036,2016-05-28 16:00:00,0,66.77932076389213,0.04776036401454244
67.7,0.0444,211.0,314036,2016-05-28 16:05:00,0,66.9174226493083,0.04725630941236107
68.5,0.0471,226.0,314036,2016-05-28 16:10:00,0,67.15480925191206,0.047232863000506914
68.5,0.0404,190.0,314036,2016-05-28 16:15:00,0,67.35658786412525,0.046207933550430874
68.6,0.0444,208.0,314036,2016-05-28 16:20:00,0,67.54309968450646,0.04593674351786624
68.6,0.0444,210.0,314036,2016-05-28 16:25:00,0,67.7016347318305,0.0457062319901863
68.5,0.0443,210.0,314036,2016-05-28 16:30:00,0,67.82138952205592,0.04549529719165835
67.9,0.0467,216.0,314036,2016-05-28 16:35:00,0,67.83318109374753,0.0456760026129096
68.3,0.0464,221.0,314036,2016-05-28 16:40:00,0,67.9032039296854,0.04578460222097316
69.0,0.0405,196.0,314036,2016-05-28 16:45:00,0,68.06772334023259,0.04499191188782718
69.1,0.0433,207.0,314036,2016-05-28 16:50:00,0,68.2225648391977,0.0447381251046531
68.3,0.0479,224.0,314036,2016-05-28 16:55:00,0,68.23418011331805,0.04521240633895513
69.0,0.0433,210.0,314036,2016-05-28 17:00:00,0,68.34905309632033,0.04492554538811186
69.4,0.0381,183.0,314036,2016-05-28 17:05:00,0,68.50669513187228,0.04390171357989508
69.0,0.0463,222.0,314036,2016-05-28 17:10:00,0,68.58069086209143,0.04426145654291082
69.3,0.0385,187.0,314036,2016-05-28 17:15:00,0,68.6885872327777,0.0433972380614742
69.9,0.0379,186.0,314036,2016-05-28 17:20:00,0,68.87029914786105,0.04257265235225307
69.6,0.0391,189.0,314036,2016-05-28 17:25:00,0,68.97975427568188,0.04205175449941511
68.5,0.0397,184.0,314036,2016-05-28 17:30:00,0,68.9077911343296,0.041698991324502846
68.2,0.0455,214.0,314036,2016-05-28 17:35:00,0,68.80162246418016,0.04226914262582741
68.7,0.0412,196.0,314036,2016-05-28 17:40:00,0,68.78637909455313,0.0421087712319533
67.9,0.0413,192.0,314036,2016-05-28 17:45:00,0,68.65342223037015,0.0419874555471603
68.5,0.0387,184.0,314036,2016-05-28 17:50:00,0,68.63040889581463,0.041494337215086254
68.6,0.0321,153.0,314036,2016-05-28 17:55:00,0,68.62584756144243,0.040085186632823316
70.3,0.0304,155.0,314036,2016-05-28 18:00:00,0,68.87697042722606,0.038632408637899816
69.9,0.0333,164.0,314036,2016-05-28 18:05:00,0,69.03042486314214,0.03783254734221484
70.3,0.0326,162.0,314036,2016-05-28 18:10:00,0,69.22086113367082,0.03704766524088261
70.3,0.0395,195.0,314036,2016-05-28 18:15:00,0,69.3827319636202,0.03741551545475022
70.3,0.0379,187.0,314036,2016-05-28 18:20:00,0,69.52032216907716,0.03748818813653769
69.2,0.0358,168.0,314036,2016-05-28 18:25:00,0,69.47227384371558,0.037234959916057034
68.4,0.034,159.0,314036,2016-05-28 18:30:00,0,69.31143276715825,0.03674971592864848
68.3,0.0314,148.0,314036,2016-05-28 18:35:00,0,69.15971785208451,0.035947258539351205
67.1,0.0395,181.0,314036,2016-05-28 18:40:00,0,68.85076017427184,0.03648016975844852
67.9,0.0337,162.0,314036,2016-05-28 18:45:00,0,68.70814614813106,0.036063144294681236
68.2,0.0346,165.0,314036,2016-05-28 18:50:00,0,68.6319242259114,0.035843672650479046
68.3,0.0306,148.0,314036,2016-05-28 18:55:00,0,68.5821355920247,0.035057121752907185
69.4,0.035,172.0,314036,2016-05-28 19:00:00,0,68.70481525322099,0.03504855348997111
68.1,0.0325,149.0,314036,2016-05-28 19:05:00,0,68.61409296523783,0.03466627046647544
68.6,0.0304,145.0,314036,2016-05-28 19:10:00,0,68.61197902045215,0.03402632989650412
67.9,0.0331,153.0,314036,2016-05-28 19:15:00,0,68.50518216738433,0.0338873804120285
68.2,0.0322,152.0,314036,2016-05-28 19:20:00,0,68.45940484227668,0.033634273350224224
68.7,0.0308,150.0,314036,2016-05-28 19:25:00,0,68.49549411593517,0.03320913234769059
67.4,0.0355,160.0,314036,2016-05-28 19:30:00,0,68.3311699985449,0.03355276249553699
67.9,0.033,157.0,314036,2016-05-28 19:35:00,0,68.26649449876315,0.033469848121206444
68.4,0.0328,159.0,314036,2016-05-28 19:40:00,0,68.28652032394868,0.033369370903025476
69.2,0.0326,161.0,314036,2016-05-28 19:45:00,0,68.42354227535637,0.033253965267571656
68.6,0.0341,161.0,314036,2016-05-28 19:50:00,0,68.45001093405291,0.0333808704774359
69.0,0.0329,160.0,314036,2016-05-28 19:55:00,0,68.53250929394497,0.03330873990582052
68.7,0.0303,141.0,314036,2016-05-28 20:00:00,0,68.55763289985322,0.03285742891994744
68.2,0.0322,148.0,314036,2016-05-28 20:05:00,0,68.50398796487524,0.03275881458195532
68.5,0.0323,154.0,314036,2016-05-28 20:10:00,0,68.50338977014395,0.03268999239466202
68.7,0.0291,140.0,314036,2016-05-28 20:15:00,0,68.53288130462235,0.03215149353546271
69.5,0.0278,136.0,314036,2016-05-28 20:20:00,0,68.677949108929,0.031498769505143305
69.9,0.0271,132.0,314036,2016-05-28 20:25:00,0,68.86125674258965,0.030838954079371806
69.6,0.0301,147.0,314036,2016-05-28 20:30:00,0,68.97206823120119,0.030728110967466034
68.7,0.027000000000000003,125.0,314036,2016-05-28 20:35:00,0,68.93125799652101,0.03016889432234613
68.4,0.022000000000000002,102.0,314036,2016-05-28 20:40:00,0,68.85156929704286,0.02894356017399421
69.0,0.0227,108.0,314036,2016-05-28 20:45:00,0,68.87383390248642,0.028007026147895082
68.7,0.022000000000000002,104.0,314036,2016-05-28 20:50:00,0,68.84775881711346,0.02710597222571082
68.3,0.0265,125.0,314036,2016-05-28 20:55:00,0,68.76559499454643,0.027015076391854197
68.2,0.0252,115.0,314036,2016-05-28 21:00:00,0,68.68075574536446,0.026742814933076064
68.1,0.0315,146.0,314036,2016-05-28 21:05:00,0,68.5936423835598,0.027456392693114656
67.8,0.0264,119.0,314036,2016-05-28 21:10:00,0,68.47459602602582,0.02729793378914746
69.4,0.0298,144.0,314036,2016-05-28 21:15:00,0,68.61340662212194,0.027673243720775342
68.4,0.0274,125.0,314036,2016-05-28 21:20:00,0,68.58139562880365,0.02763225716265904
67.9,0.0303,138.0,314036,2016-05-28 21:25:00,0,68.47918628448309,0.028032418588260184
68.7,0.0282,132.0,314036,2016-05-28 21:30:00,0,68.51230834181062,0.02805755580002115
68.6,0.0281,133.0,314036,2016-05-28 21:35:00,0,68.52546209053904,0.028063922430017978
67.7,0.0335,151.0,314036,2016-05-28 21:40:00,0,68.40164277695818,0.02887933406551528
67.3,0.0256,115.0,314036,2016-05-28 21:45:00,0,68.23639636041446,0.028387433955687987
68.0,0.0288,135.0,314036,2016-05-28 21:50:00,0,68.20093690635228,0.028449318862334788
67.8,0.0295,136.0,314036,2016-05-28 21:55:00,0,68.14079637039944,0.028606921032984567
68.2,0.0313,143.0,314036,2016-05-28 22:00:00,0,68.14967691483953,0.02901088287803688
67.1,0.0351,158.0,314036,2016-05-28 22:05:00,0,67.99222537761361,0.029924250446331346
68.6,0.0278,132.0,314036,2016-05-28 22:10:00,0,68.08339157097157,0.029605612879381644
68.4,0.0291,135.0,314036,2016-05-28 22:15:00,0,68.13088283532583,0.029529770947474398
68.2,0.0254,115.0,314036,2016-05-28 22:20:00,0,68.14125041002696,0.02891030530535324
68.7,0.0218,106.0,314036,2016-05-28 22:25:00,0,68.22506284852291,0.027843759509550252
68.9,0.0266,124.0,314036,2016-05-28 22:30:00,0,68.32630342124448,0.027657195583117713
69.1,0.0273,128.0,314036,2016-05-28 22:35:00,0,68.4423579080578,0.027603616245650053
68.9,0.0245,117.0,314036,2016-05-28 22:40:00,0,68.51100422184913,0.027138073808802544
69.2,0.0231,110.0,314036,2016-05-28 22:45:00,0,68.61435358857176,0.026532362737482162
68.6,0.0228,102.0,314036,2016-05-28 22:50:00,0,68.61220055028599,0.025972508326859836
69.0,0.0253,121.0,314036,2016-05-28 22:55:00,0,68.67037046774308,0.02587163207783086
69.2,0.0204,98.0,314036,2016-05-28 23:00:00,0,68.74981489758162,0.02505088726615623
68.0,0.0249,114.0,314036,2016-05-28 23:05:00,0,68.63734266294438,0.025028254176232792
68.6,0.0228,107.0,314036,2016-05-28 23:10:00,0,68.63174126350272,0.024694016049797873
68.4,0.0216,99.0,314036,2016-05-28 23:15:00,0,68.5969800739773,0.024229913642328193
68.3,0.0198,92.0,314036,2016-05-28 23:20:00,0,68.55243306288071,0.023565426595978965
67.4,0.0149,69.0,314036,2016-05-28 23:25:00,0,68.3795681034486,0.02226561260658212
69.2,0.0123,61.0,314036,2016-05-28 23:30:00,0,68.50263288793131,0.0207707707155948
69.0,0.0155,70.0,314036,2016-05-28 23:35:00,0,68.5772379547416,0.01998015510825558
68.4,0.0153,68.0,314036,2016-05-28 23:40:00,0,68.55065226153036,0.01927813184201724
68.5,0.0167,78.0,314036,2016-05-28 23:45:00,0,68.54305442230081,0.018891412065714656
68.4,0.0151,74.0,314036,2016-05-28 23:50:00,0,68.5215962589557,0.018322700255857458
69.0,0.0154,72.0,314036,2016-05-28 23:55:00,0,68.59335682011233,0.01788429521747884
68.7,0.0117,60.0,314036,2016-05-29 00:00:00,0,68.60935329709548,0.01695665093485701
68.3,0.0122,59.0,314036,2016-05-29 00:05:00,0,68.56295030253116,0.016243153294628457
69.0,0.0095,48.0,314036,2016-05-29 00:10:00,0,68.62850775715148,0.015231680300434187
68.6,0.0115,57.0,314036,2016-05-29 00:15:00,0,68.62423159357876,0.01467192825536906
69.3,0.0105,49.0,314036,2016-05-29 00:20:00,0,68.72559685454193,0.0140461390170637
67.7,0.0115,50.0,314036,2016-05-29 00:25:00,0,68.57175732636064,0.013664218164504145
68.9,0.0065,34.0,314036,2016-05-29 00:30:00,0,68.62099372740654,0.012589585439828523
67.9,0.011000000000000001,46.0,314036,2016-05-29 00:35:00,0,68.51284466829556,0.012351147623854244
68.5,0.006999999999999999,36.0,314036,2016-05-29 00:40:00,0,68.51091796805122,0.011548475480276108
68.7,0.0059,27.0,314036,2016-05-29 00:45:00,0,68.53928027284354,0.010701204158234692
68.0,0.011000000000000001,48.0,314036,2016-05-29 00:50:00,0,68.45838823191701,0.010746023534499488
68.7,0.0073,34.0,314036,2016-05-29 00:55:00,0,68.49462999712946,0.010229120004324566
68.6,0.0074,37.0,314036,2016-05-29 01:00:00,0,68.51043549756005,0.00980475200367588
67.5,0.0079,31.0,314036,2016-05-29 01:05:00,0,68.35887017292605,0.009519039203124498
68.7,0.0084,40.0,314036,2016-05-29 01:10:00,0,68.41003964698714,0.009351183322655825
66.8,0.0044,20.0,314036,2016-05-29 01:15:00,0,68.16853369993908,0.00860850582425745
68.2,0.0059,27.0,314036,2016-05-29 01:20:00,0,68.17325364494822,0.008202229950618832
67.3,0.0075,36.0,314036,2016-05-29 01:25:00,0,68.04226559820597,0.008096895458026008
69.0,0.0065,30.0,314036,2016-05-29 01:30:00,0,68.18592575847508,0.007857361139322106
67.0,0.0065,30.0,314036,2016-05-29 01:35:00,0,68.00803689470382,0.00765375696842379
68.6,0.0043,23.0,314036,2016-05-29 01:40:00,0,68.09683136049824,0.007150693423160221
68.9,0.005,26.0,314036,2016-05-29 01:45:00,0,68.2173066564235,0.006828089409686188
70.1,0.0023,12.0,314036,2016-05-29 01:50:00,0,68.49971065795997,0.006148875998233259
68.5,0.0048,23.0,314036,2016-05-29 01:55:00,0,68.49975405926597,0.00594654459849827
68.8,0.0053,27.0,314036,2016-05-29 02:00:00,0,68.54479095037607,0.005849562908723529
68.9,0.0038,19.0,314036,2016-05-29 02:05:00,0,68.59807230781965,0.005542128472415
68.0,0.005,25.0,314036,2016-05-29 02:10:00,0,68.5083614616467,0.00546080920155275
68.4,0.0038,19.0,314036,2016-05-29 02:15:00,0,68.4921072423997,0.005211687821319837
68.8,0.0048,21.0,314036,2016-05-29 02:20:00,0,68.53829115603973,0.005149934648121862
66.0,0.0041,19.0,314036,2016-05-29 02:25:00,0,68.15754748263377,0.004992444450903582
67.4,0.0035,18.0,314036,2016-05-29 02:30:00,0,68.04391536023871,0.0047685777832680454
69.1,0.0034,18.0,314036,2016-05-29 02:35:00,0,68.2023280562029,0.004563291115777838
67.6,0.0032,16.0,314036,2016-05-29 02:40:00,0,68.11197884777246,0.0043587974484111626
68.8,0.0041,19.0,314036,2016-05-29 02:45:00,0,68.21518202060659,0.004319977831149488
68.4,0.0018,11.0,314036,2016-05-29 02:50:00,0,68.2429047175156,0.003941981156477065
68.9,0.0036,20.0,314036,2016-05-29 02:55:00,0,68.34146900988826,0.003890683983005505
67.0,0.0058,22.0,314036,2016-05-29 03:00:00,0,68.14024865840501,0.004177081385554679
67.9,0.0032,16.0,314036,2016-05-29 03:05:00,0,68.10421135964425,0.004030519177721478
66.5,0.0031,13.0,314036,2016-05-29 03:10:00,0,67.8635796556976,0.003890941301063256
68.2,0.003,11.0,314036,2016-05-29 03:15:00,0,67.91404270734296,0.0037573001059037674
69.4,0.0018,10.0,314036,2016-05-29 03:20:00,0,68.13693630124152,0.003463705090018202
68.5,0.0036,18.0,314036,2016-05-29 03:25:00,0,68.1913958560553,0.003484149326515472
67.5,0.0035,15.0,314036,2016-05-29 03:30:00,0,68.087686477647,0.003486526927538151
68.3,0.0035,17.0,314036,2016-05-29 03:35:00,0,68.11953350599995,0.003488547888407428
68.6,0.0052,24.0,314036,2016-05-29 03:40:00,0,68.19160348009996,0.003745265705146314
67.5,0.0059,20.0,314036,2016-05-29 03:45:00,0,68.08786295808497,0.004068475849374366
69.2,0.0023,11.0,314036,2016-05-29 03:50:00,0,68.25468351437222,0.003803204471968211
65.6,0.0018,8.0,314036,2016-05-29 03:55:00,0,67.85648098721639,0.003502723801172979
67.9,0.0031,12.0,314036,2016-05-29 04:00:00,0,67.86300883913393,0.0034423152309970323
69.6,0.0024,12.0,314036,2016-05-29 04:05:00,0,68.12355751326383,0.0032859679463474773
68.8,0.0036,13.0,314036,2016-05-29 04:10:00,0,68.22502388627426,0.0033330727543953555
67.0,0.0029,12.0,314036,2016-05-29 04:15:00,0,68.04127030333312,0.0032681118412360524
64.9,0.0031,11.0,314036,2016-05-29 04:20:00,0,67.57007975783316,0.0032428950650506445
66.2,0.0032,15.0,314036,2016-05-29 04:25:00,0,67.36456779415818,0.0032364608052930476
67.5,0.0035,17.0,314036,2016-05-29 04:30:00,0,67.38488262503445,0.00327599168449909
68.3,0.0052,24.0,314036,2016-05-29 04:35:00,0,67.52215023127928,0.0035645929318242264
68.4,0.0038,20.0,314036,2016-05-29 04:40:00,0,67.65382769658738,0.0035999039920505925
66.8,0.0046,23.0,314036,2016-05-29 04:45:00,0,67.52575354209928,0.003749918393243004
69.5,0.0038,16.0,314036,2016-05-29 04:50:00,0,67.82189051078439,0.0037574306342565535
66.9,0.0049,24.0,314036,2016-05-29 04:55:00,0,67.68360693416673,0.00392881603911807
68.1,0.0063,28.0,314036,2016-05-29 05:00:00,0,67.74606589404172,0.004284493633250359
68.6,0.006999999999999999,28.0,314036,2016-05-29 05:05:00,0,67.87415600993546,0.004691819588262805
69.3,0.0077,40.0,314036,2016-05-29 05:10:00,0,68.08803260844515,0.005143046650023383
68.2,0.0072,37.0,314036,2016-05-29 05:15:00,0,68.10482771717837,0.0054515896525198755
68.2,0.0085,39.0,314036,2016-05-29 05:20:00,0,68.11910355960161,0.005908851204641894
68.4,0.0102,43.0,314036,2016-05-29 05:25:00,0,68.16123802566138,0.00655252352394561
68.7,0.0116,52.0,314036,2016-05-29 05:30:00,0,68.24205232181217,0.007309644995353769
68.0,0.009000000000000001,45.0,314036,2016-05-29 05:35:00,0,68.20574447354034,0.0075631982460507025
69.2,0.0085,46.0,314036,2016-05-29 05:40:00,0,68.35488280250928,0.0077037185091430975
68.7,0.0087,43.0,314036,2016-05-29 05:45:00,0,68.40665038213288,0.007853160732771633
69.3,0.0066,37.0,314036,2016-05-29 05:50:00,0,68.54065282481295,0.007665186622855888
68.0,0.0063,28.0,314036,2016-05-29 05:55:00,0,68.45955490109101,0.007460408629427504
68.2,0.0069,36.0,314036,2016-05-29 06:00:00,0,68.42062166592736,0.007376347335013378
68.3,0.0082,40.0,314036,2016-05-29 06:05:00,0,68.40252841603825,0.007499895234761371
68.8,0.0083,42.0,314036,2016-05-29 06:10:00,0,68.46214915363251,0.007619910949547165
67.7,0.0085,41.0,314036,2016-05-29 06:15:00,0,68.34782678058762,0.007751924307115091
67.6,0.0157,68.0,314036,2016-05-29 06:20:00,0,68.23565276349947,0.008944135661047826
68.2,0.0118,59.0,314036,2016-05-29 06:25:00,0,68.23030484897455,0.009372515311890652
68.4,0.0133,65.0,314036,2016-05-29 06:30:00,0,68.25575912162837,0.009961638015107055
68.1,0.0141,66.0,314036,2016-05-29 06:35:00,0,68.23239525338411,0.010582392312840996
67.5,0.0161,73.0,314036,2016-05-29 06:40:00,0,68.1225359653765,0.011410033465914847
68.7,0.0138,65.0,314036,2016-05-29 06:45:00,0,68.20915557057003,0.011768528446027618
66.6,0.0149,65.0,314036,2016-05-29 06:50:00,0,67.96778223498453,0.012238249179123476
67.6,0.0147,70.0,314036,2016-05-29 06:55:00,0,67.91261489973684,0.012607511802254955
67.7,0.0125,57.0,314036,2016-05-29 07:00:00,0,67.88072266477631,0.012591385031916712
67.0,0.0159,67.0,314036,2016-05-29 07:05:00,0,67.74861426505987,0.013087677277129206
65.8,0.0164,70.0,314036,2016-05-29 07:10:00,0,67.45632212530089,0.013584525685559824
67.8,0.0172,87.0,314036,2016-05-29 07:15:00,0,67.50787380650576,0.014126846832725849
68.4,0.0156,78.0,314036,2016-05-29 07:20:00,0,67.64169273552989,0.01434781980781697
69.1,0.0191,96.0,314036,2016-05-29 07:25:00,0,67.8604388252004,0.015060646836644424
68.2,0.0206,95.0,314036,2016-05-29 07:30:00,0,67.91137300142034,0.01589154981114776
68.4,0.0218,105.0,314036,2016-05-29 07:35:00,0,67.9846670512073,0.016777817339475597
68.1,0.0247,114.0,314036,2016-05-29 07:40:00,0,68.0019669935262,0.017966144738554256
66.6,0.0204,92.0,314036,2016-05-29 07:45:00,0,67.79167194449727,0.01833122302777112
68.1,0.0206,99.0,314036,2016-05-29 07:50:00,0,67.83792115282267,0.018671539573605452
67.7,0.022000000000000002,103.0,314036,2016-05-29 07:55:00,0,67.81723297989927,0.019170808637564634
67.2,0.0244,109.0,314036,2016-05-29 08:00:00,0,67.72464803291439,0.01995518734192994
67.7,0.0224,105.0,314036,2016-05-29 08:05:00,0,67.72095082797722,0.020321909240640444
68.1,0.0239,112.0,314036,2016-05-29 08:10:00,0,67.77780820378064,0.02085862285454438
67.8,0.025,114.0,314036,2016-05-29 08:15:00,0,67.78113697321353,0.021479829426362722
68.2,0.0228,107.0,314036,2016-05-29 08:20:00,0,67.8439664272315,0.021677855012408313
68.3,0.0289,136.0,314036,2016-05-29 08:25:00,0,67.91237146314678,0.022761176760547064
68.0,0.027000000000000003,124.0,314036,2016-05-29 08:30:00,0,67.92551574367477,0.023397000246465006
67.7,0.0357,165.0,314036,2016-05-29 08:35:00,0,67.89168838212355,0.025242450209495254
67.8,0.0327,153.0,314036,2016-05-29 08:40:00,0,67.877935124805,0.026361082678070965
68.3,0.0341,162.0,314036,2016-05-29 08:45:00,0,67.94124485608425,0.027521920276360322
67.8,0.0303,141.0,314036,2016-05-29 08:50:00,0,67.92005812767161,0.027938632234906273
68.3,0.0278,133.0,314036,2016-05-29 08:55:00,0,67.97704940852087,0.027917837399670332
69.0,0.0273,132.0,314036,2016-05-29 09:00:00,0,68.13049199724273,0.027825161789719784
68.6,0.0367,171.0,314036,2016-05-29 09:05:00,0,68.2009181976563,0.029156387521261814
69.1,0.0326,157.0,314036,2016-05-29 09:10:00,0,68.33578046800785,0.02967292939307254
69.7,0.0365,177.0,314036,2016-05-29 09:15:00,0,68.54041339780667,0.03069698998411166
67.7,0.0431,193.0,314036,2016-05-29 09:20:00,0,68.41435138813567,0.03255744148649491
68.1,0.0411,193.0,314036,2016-05-29 09:25:00,0,68.36719867991532,0.033838825263520673
68.5,0.0415,197.0,314036,2016-05-29 09:30:00,0,68.38711887792802,0.03498800147399257
68.2,0.0382,178.0,314036,2016-05-29 09:35:00,0,68.35905104623882,0.03546980125289369
66.8,0.0409,182.0,314036,2016-05-29 09:40:00,0,68.12519338930299,0.03628433106495963
66.3,0.0418,189.0,314036,2016-05-29 09:45:00,0,67.85141438090754,0.03711168140521569
67.3,0.040999999999999995,193.0,314036,2016-05-29 09:50:00,0,67.76870222377141,0.03769492919443333
65.4,0.0469,200.0,314036,2016-05-29 09:55:00,0,67.4133968902057,0.03907568981526833
66.5,0.0425,197.0,314036,2016-05-29 10:00:00,0,67.27638735667485,0.03958933634297808
66.7,0.0393,177.0,314036,2016-05-29 10:05:00,0,67.18992925317362,0.03954593589153137
66.7,0.043,195.0,314036,2016-05-29 10:10:00,0,67.11643986519758,0.04006404550780166
68.1,0.039,186.0,314036,2016-05-29 10:15:00,0,67.26397388541794,0.03990443868163141
66.9,0.0474,210.0,314036,2016-05-29 10:20:00,0,67.20937780260525,0.0410287728793867
67.4,0.0428,198.0,314036,2016-05-29 10:25:00,0,67.23797113221445,0.0412944569474787
66.8,0.0437,197.0,314036,2016-05-29 10:30:00,0,67.17227546238229,0.04165528840535689
67.1,0.0464,214.0,314036,2016-05-29 10:35:00,0,67.16143414302495,0.04236699514455336
68.0,0.0458,216.0,314036,2016-05-29 10:40:00,0,67.2872190215712,0.04288194587287036
68.8,0.049,234.0,314036,2016-05-29 10:45:00,0,67.51413616833551,0.0437996539919398
68.6,0.040999999999999995,192.0,314036,2016-05-29 10:50:00,0,67.67701574308518,0.04337970589314882
68.7,0.0417,195.0,314036,2016-05-29 10:55:00,0,67.8304633816224,0.0431277500091765
68.1,0.045,206.0,314036,2016-05-29 11:00:00,0,67.87089387437904,0.04340858750780002
69.3,0.042,202.0,314036,2016-05-29 11:05:00,0,68.08525979322218,0.04319729938163002
68.6,0.0489,228.0,314036,2016-05-29 11:10:00,0,68.16247082423885,0.044052704474385515
69.4,0.0474,228.0,314036,2016-05-29 11:15:00,0,68.34810020060303,0.044554798803227685
69.5,0.0444,212.0,314036,2016-05-29 11:20:00,0,68.52088517051257,0.04453157898274353
68.7,0.049,226.0,314036,2016-05-29 11:25:00,0,68.54775239493569,0.045201842135332
68.5,0.0443,206.0,314036,2016-05-29 11:30:00,0,68.54058953569533,0.0450665658150322
67.5,0.0467,210.0,314036,2016-05-29 11:35:00,0,68.38450110534103,0.04531158094277737
67.8,0.0502,233.0,314036,2016-05-29 11:40:00,0,68.29682593953987,0.046044843801360764
69.3,0.0451,218.0,314036,2016-05-29 11:45:00,0,68.44730204860889,0.04590311723115665
68.9,0.0405,189.0,314036,2016-05-29 11:50:00,0,68.51520674131756,0.04509264964648315
69.6,0.042,203.0,314036,2016-05-29 11:55:00,0,68.67792573011992,0.04462875219951068
70.1,0.0405,196.0,314036,2016-05-29 12:00:00,0,68.89123687060193,0.044009439369584076
69.2,0.0456,212.0,314036,2016-05-29 12:05:00,0,68.93755134001164,0.04424802346414646
70.1,0.0429,208.0,314036,2016-05-29 12:10:00,0,69.11191863900989,0.044045819944524486
69.8,0.0438,209.0,314036,2016-05-29 12:15:00,0,69.21513084315839,0.04400894695284581
68.5,0.047,214.0,314036,2016-05-29 12:20:00,0,69.10786121668464,0.04445760490991894
68.8,0.0428,201.0,314036,2016-05-29 12:25:00,0,69.06168203418194,0.0442089641734311
68.6,0.049,230.0,314036,2016-05-29 12:30:00,0,68.99242972905465,0.044927619547416434
68.5,0.0523,244.0,314036,2016-05-29 12:35:00,0,68.91856526969646,0.046033476615303964
68.6,0.0562,264.0,314036,2016-05-29 12:40:00,0,68.87078047924199,0.04755845512300837
68.7,0.0478,224.0,314036,2016-05-29 12:45:00,0,68.84516340735568,0.04759468685455712
68.8,0.0514,241.0,314036,2016-05-29 12:50:00,0,68.83838889625233,0.04816548382637355
69.6,0.0504,241.0,314036,2016-05-29 12:55:00,0,68.95263056181447,0.04850066125241751
69.2,0.0515,242.0,314036,2016-05-29 13:00:00,0,68.9897359775423,0.04895056206455488
68.8,0.0464,216.0,314036,2016-05-29 13:05:00,0,68.96127558091095,0.04856797775487165
68.9,0.0507,237.0,314036,2016-05-29 13:10:00,0,68.95208424377431,0.0488877810916409
69.2,0.0454,216.0,314036,2016-05-29 13:15:00,0,68.98927160720815,0.04836461392789476
69.1,0.0421,197.0,314036,2016-05-29 13:20:00,0,69.00588086612693,0.04742492183871055
69.2,0.0416,197.0,314036,2016-05-29 13:25:00,0,69.03499873620788,0.04655118356290397
69.9,0.0469,225.0,314036,2016-05-29 13:30:00,0,69.1647489257767,0.04660350602846837
69.5,0.0451,213.0,314036,2016-05-29 13:35:00,0,69.2150365869102,0.046377980124198116
69.7,0.0436,208.0,314036,2016-05-29 13:40:00,0,69.28778109887367,0.04596128310556839
69.8,0.0456,214.0,314036,2016-05-29 13:45:00,0,69.36461393404261,0.04590709063973313
69.9,0.0453,215.0,314036,2016-05-29 13:50:00,0,69.44492184393621,0.04581602704377316
68.7,0.0487,224.0,314036,2016-05-29 13:55:00,0,69.33318356734577,0.04624862298720719
68.3,0.0437,202.0,314036,2016-05-29 14:00:00,0,69.1782060322439,0.04586632953912611
68.1,0.0466,216.0,314036,2016-05-29 14:05:00,0,69.01647512740732,0.04597638010825719
69.2,0.0445,213.0,314036,2016-05-29 14:10:00,0,69.04400385829622,0.04575492309201861
68.1,0.0456,208.0,314036,2016-05-29 14:15:00,0,68.90240327955179,0.045731684628215814
67.8,0.0518,237.0,314036,2016-05-29 14:20:00,0,68.73704278761902,0.046641931933983444
68.3,0.0506,239.0,314036,2016-05-29 14:25:00,0,68.67148636947617,0.047235642143885925
69.5,0.0421,203.0,314036,2016-05-29 14:30:00,0,68.79576341405475,0.046465295822303035
70.2,0.0383,187.0,314036,2016-05-29 14:35:00,0,69.00639890194653,0.04524050144895758
70.8,0.0401,198.0,314036,2016-05-29 14:40:00,0,69.27543906665454,0.04446942623161394
70.7,0.0444,214.0,314036,2016-05-29 14:45:00,0,69.48912320665636,0.04445901229687185
70.0,0.0468,222.0,314036,2016-05-29 14:50:00,0,69.56575472565791,0.04481016045234107
69.9,0.0442,211.0,314036,2016-05-29 14:55:00,0,69.61589151680923,0.044718636384489904
68.9,0.0463,217.0,314036,2016-05-29 15:00:00,0,69.50850778928785,0.04495584092681642
68.9,0.0415,197.0,314036,2016-05-29 15:05:00,0,69.41723162089467,0.04443746478779396
67.0,0.0559,248.0,314036,2016-05-29 15:10:00,0,69.05464687776046,0.04615684506962486
68.4,0.0339,165.0,314036,2016-05-29 15:15:00,0,68.95644984609639,0.044318318309181134
69.1,0.0467,225.0,314036,2016-05-29 15:20:00,0,68.97798236918193,0.04467557056280396
68.4,0.0447,207.0,314036,2016-05-29 15:25:00,0,68.89128501380463,0.04467923497838336
68.2,0.0464,214.0,314036,2016-05-29 15:30:00,0,68.78759226173393,0.04493734973162585
68.6,0.0409,193.0,314036,2016-05-29 15:35:00,0,68.75945342247384,0.04433174727188197
68.9,0.0408,195.0,314036,2016-05-29 15:40:00,0,68.78053540910275,0.04380198518109968
69.3,0.0427,205.0,314036,2016-05-29 15:45:00,0,68.85845509773733,0.043636687403934726
69.7,0.0366,177.0,314036,2016-05-29 15:50:00,0,68.98468683307674,0.042581184293344516
69.8,0.0408,196.0,314036,2016-05-29 15:55:00,0,69.10698380811522,0.04231400664934284
70.0,0.0431,207.0,314036,2016-05-29 16:00:00,0,69.24093623689794,0.04243190565194141
70.6,0.0328,162.0,314036,2016-05-29 16:05:00,0,69.44479580136324,0.0409871198041502
71.1,0.04,196.0,314036,2016-05-29 16:10:00,0,69.69307643115874,0.040839051833527665
70.1,0.0456,215.0,314036,2016-05-29 16:15:00,0,69.75411496648493,0.04155319405849851
70.4,0.0352,172.0,314036,2016-05-29 16:20:00,0,69.85099772151219,0.04060021494972373
69.9,0.040999999999999995,196.0,314036,2016-05-29 16:25:00,0,69.85834806328536,0.040660182707265166
68.5,0.0417,192.0,314036,2016-05-29 16:30:00,0,69.65459585379256,0.0408161553011754
68.2,0.0367,170.0,314036,2016-05-29 16:35:00,0,69.43640647572367,0.04019873200599909
68.5,0.0367,175.0,314036,2016-05-29 16:40:00,0,69.29594550436512,0.03967392220509923
69.2,0.0406,195.0,314036,2016-05-29 16:45:00,0,69.28155367871035,0.03981283387433434
69.8,0.0365,179.0,314036,2016-05-29 16:50:00,0,69.3593206269038,0.03931590879318419
69.4,0.0399,189.0,314036,2016-05-29 16:55:00,0,69.36542253286822,0.03940352247420656
68.7,0.0411,189.0,314036,2016-05-29 17:00:00,0,69.265609152938,0.03965799410307557
69.2,0.0322,155.0,314036,2016-05-29 17:05:00,0,69.2557677799973,0.038539294987614235
69.9,0.0369,184.0,314036,2016-05-29 17:10:00,0,69.35240261299771,0.0382934007394721
69.2,0.0401,189.0,314036,2016-05-29 17:15:00,0,69.32954222104804,0.038564390628551284
69.1,0.0339,160.0,314036,2016-05-29 17:20:00,0,69.29511088789083,0.03786473203426859
69.2,0.0375,180.0,314036,2016-05-29 17:25:00,0,69.2808442547072,0.0378100222291283
69.8,0.0358,173.0,314036,2016-05-29 17:30:00,0,69.35871761650112,0.03750851889475905
69.3,0.0313,149.0,314036,2016-05-29 17:35:00,0,69.34990997402595,0.03657724106054519
70.3,0.0325,161.0,314036,2016-05-29 17:40:00,0,69.49242347792205,0.03596565490146341
69.9,0.0303,147.0,314036,2016-05-29 17:45:00,0,69.55355995623374,0.0351158066662439
69.9,0.0305,144.0,314036,2016-05-29 17:50:00,0,69.60552596279868,0.03442343566630732
69.6,0.0288,140.0,314036,2016-05-29 17:55:00,0,69.60469706837888,0.03357992031636122
69.6,0.0288,140.0,314036,2016-05-29 18:00:00,0,69.60399250812205,0.03286293226890703
58.9,0.0652,159.0,314036,2016-05-29 18:05:00,0,67.99839363190374,0.03771349242857098
63.6,0.0324,147.0,314036,2016-05-29 18:10:00,0,67.33863458711818,0.036916468564285335
66.4,0.0359,172.0,314036,2016-05-29 18:15:00,0,67.19783939905045,0.03676399827964254
68.5,0.0266,135.0,314036,2016-05-29 18:20:00,0,67.39316348919289,0.03523939853769616
69.5,0.0329,162.0,314036,2016-05-29 18:25:00,0,67.70918896581395,0.03488848875704173
69.6,0.0291,144.0,314036,2016-05-29 18:30:00,0,67.99281062094185,0.03402021544348547
69.8,0.0289,143.0,314036,2016-05-29 18:35:00,0,68.26388902780057,0.033252183126962646
69.8,0.0243,123.0,314036,2016-05-29 18:40:00,0,68.49430567363049,0.03190935565791825
69.1,0.0291,138.0,314036,2016-05-29 18:45:00,0,68.58515982258592,0.03148795230923051
69.7,0.0305,150.0,314036,2016-05-29 18:50:00,0,68.75238584919803,0.03133975946284593
69.2,0.0263,125.0,314036,2016-05-29 18:55:00,0,68.81952797181833,0.03058379554341904
70.0,0.0265,134.0,314036,2016-05-29 19:00:00,0,68.99659877604557,0.029971226211906184
70.0,0.0266,133.0,314036,2016-05-29 19:05:00,0,69.14710895963873,0.029465542280120258
69.5,0.026000000000000002,125.0,314036,2016-05-29 19:10:00,0,69.20004261569292,0.02894571093810222
68.8,0.0289,137.0,314036,2016-05-29 19:15:00,0,69.14003622333898,0.028938854297386886
69.2,0.0279,136.0,314036,2016-05-29 19:20:00,0,69.14903078983814,0.028783026152778855
68.7,0.0297,140.0,314036,2016-05-29 19:25:00,0,69.0816761713624,0.028920572229862027
67.8,0.0279,131.0,314036,2016-05-29 19:30:00,0,68.88942474565803,0.028767486395382725
67.8,0.0313,145.0,314036,2016-05-29 19:35:00,0,68.72601103380933,0.029147363436075317
69.0,0.0259,130.0,314036,2016-05-29 19:40:00,0,68.76710937873793,0.028660258920664018
69.4,0.0212,107.0,314036,2016-05-29 19:45:00,0,68.86204297192724,0.027541220082564415
69.4,0.0234,115.0,314036,2016-05-29 19:50:00,0,68.94273652613815,0.02692003707017975
69.5,0.0252,127.0,314036,2016-05-29 19:55:00,0,69.02632604721742,0.026662031509652788
58.8,0.0538,106.0,314036,2016-05-29 20:00:00,0,67.4923771401348,0.03073272678320487
64.2,0.0216,104.0,314036,2016-05-29 20:05:00,0,66.99852056911459,0.02936281776572414
66.5,0.0242,115.0,314036,2016-05-29 20:10:00,0,66.9237424837474,0.02858839510086552
67.2,0.0224,101.0,314036,2016-05-29 20:15:00,0,66.96518111118529,0.02766013583573569
68.1,0.0231,111.0,314036,2016-05-29 20:20:00,0,67.13540394450749,0.026976115460375337
68.7,0.0243,115.0,314036,2016-05-29 20:25:00,0,67.37009335283136,0.026574698141319034
69.1,0.027000000000000003,130.0,314036,2016-05-29 20:30:00,0,67.62957934990665,0.02663849342012118
68.9,0.0232,110.0,314036,2016-05-29 20:35:00,0,67.82014244742065,0.026122719407103003
68.6,0.0228,106.0,314036,2016-05-29 20:40:00,0,67.93712108030755,0.02562431149603755
68.6,0.0217,104.0,314036,2016-05-29 20:45:00,0,68.0365529182614,0.02503566477163192
67.9,0.0298,137.0,314036,2016-05-29 20:50:00,0,68.01606998052219,0.02575031505588713
68.0,0.0245,114.0,314036,2016-05-29 20:55:00,0,68.01365948344386,0.025562767797504063
68.5,0.0203,99.0,314036,2016-05-29 21:00:00,0,68.08661056092728,0.024773352627878453
68.1,0.0276,127.0,314036,2016-05-29 21:05:00,0,68.08861897678818,0.02519734973369668
68.3,0.024,113.0,314036,2016-05-29 21:10:00,0,68.12032613026996,0.025017747273642178
68.8,0.0183,87.0,314036,2016-05-29 21:15:00,0,68.22227721072946,0.024010085182595852
68.7,0.0221,106.0,314036,2016-05-29 21:20:00,0,68.29393562912003,0.02372357240520647
69.2,0.0204,99.0,314036,2016-05-29 21:25:00,0,68.42984528475202,0.0232250365444255
68.8,0.0246,117.0,314036,2016-05-29 21:30:00,0,68.48536849203921,0.023431281062761673
68.9,0.0247,118.0,314036,2016-05-29 21:35:00,0,68.54756321823334,0.02362158890334742
67.9,0.0214,95.0,314036,2016-05-29 21:40:00,0,68.45042873549833,0.02328835056784531
67.9,0.0259,119.0,314036,2016-05-29 21:45:00,0,68.36786442517358,0.02368009798266851
67.9,0.024,109.0,314036,2016-05-29 21:50:00,0,68.29768476139753,0.023728083285268233
67.7,0.0215,100.0,314036,2016-05-29 21:55:00,0,68.2080320471879,0.023393870792477997
68.4,0.0223,106.0,314036,2016-05-29 22:00:00,0,68.23682724010972,0.023229790173606296
67.9,0.0225,103.0,314036,2016-05-29 22:05:00,0,68.18630315409325,0.02312032164756535
68.0,0.0223,102.0,314036,2016-05-29 22:10:00,0,68.15835768097926,0.02299727340043055
68.3,0.0252,120.0,314036,2016-05-29 22:15:00,0,68.17960402883237,0.023327682390365964
68.0,0.0164,75.0,314036,2016-05-29 22:20:00,0,68.15266342450751,0.02228853003181107
68.6,0.0168,84.0,314036,2016-05-29 22:25:00,0,68.21976391083138,0.02146525052703941
69.4,0.0181,89.0,314036,2016-05-29 22:30:00,0,68.39679932420667,0.020960462947983496
69.3,0.0169,83.0,314036,2016-05-29 22:35:00,0,68.53227942557567,0.02035139350578597
68.5,0.0188,88.0,314036,2016-05-29 22:40:00,0,68.52743751173932,0.020118684479918075
68.8,0.0202,97.0,314036,2016-05-29 22:45:00,0,68.56832188497842,0.020130881807930365
68.9,0.0129,63.0,314036,2016-05-29 22:50:00,0,68.61807360223165,0.01904624953674081
69.5,0.017,83.0,314036,2016-05-29 22:55:00,0,68.75036256189689,0.01873931210622969
68.0,0.0199,87.0,314036,2016-05-29 23:00:00,0,68.63780817761236,0.01891341529029524
68.3,0.0133,61.0,314036,2016-05-29 23:05:00,0,68.5871369509705,0.018071402996750953
68.3,0.0139,66.0,314036,2016-05-29 23:10:00,0,68.54406640832492,0.01744569254723831
68.4,0.0178,77.0,314036,2016-05-29 23:15:00,0,68.52245644707618,0.01749883866515256
68.0,0.0138,63.0,314036,2016-05-29 23:20:00,0,68.44408798001476,0.016944012865379676
68.7,0.0141,70.0,314036,2016-05-29 23:25:00,0,68.48247478301255,0.016517410935572723
68.1,0.0116,55.0,314036,2016-05-29 23:30:00,0,68.42510356556066,0.015779799295236815
69.0,0.0133,63.0,314036,2016-05-29 23:35:00,0,68.51133803072656,0.015407829400951293
67.7,0.0121,53.0,314036,2016-05-29 23:40:00,0,68.38963732611758,0.014911654990808598
68.2,0.0111,53.0,314036,2016-05-29 23:45:00,0,68.36119172719994,0.014339906742187308
67.7,0.0114,51.0,314036,2016-05-29 23:50:00,0,68.26201296811995,0.01389892073085921
68.6,0.0108,51.0,314036,2016-05-29 23:55:00,0,68.31271102290195,0.013434082621230328
68.7,0.0061,30.0,314036,2016-05-30 00:00:00,0,68.37080436946665,0.01233397022804578
69.1,0.0106,54.0,314036,2016-05-30 00:05:00,0,68.48018371404665,0.012073874693838912
68.9,0.0091,44.0,314036,2016-05-30 00:10:00,0,68.54315615693965,0.011627793489763075
68.4,0.0094,47.0,314036,2016-05-30 00:15:00,0,68.52168273339869,0.011293624466298613
69.3,0.0062,31.0,314036,2016-05-30 00:20:00,0,68.63843032338889,0.010529580796353822
68.3,0.0086,43.0,314036,2016-05-30 00:25:00,0,68.58766577488055,0.010240143676900747
69.2,0.0071,36.0,314036,2016-05-30 00:30:00,0,68.67951590864847,0.009769122125365634
68.6,0.0093,38.0,314036,2016-05-30 00:35:00,0,68.6675885223512,0.00969875380656079
69.5,0.006,30.0,314036,2016-05-30 00:40:00,0,68.79245024399852,0.00914394073557667
67.8,0.0085,36.0,314036,2016-05-30 00:45:00,0,68.64358270739874,0.00904734962524017
69.3,0.0072,34.0,314036,2016-05-30 00:50:00,0,68.74204530128893,0.008770247181454143
67.5,0.0065,30.0,314036,2016-05-30 00:55:00,0,68.5557385060956,0.00842971010423602
67.7,0.0067,30.0,314036,2016-05-30 01:00:00,0,68.42737773018125,0.008170253588600618
69.2,0.0044,23.0,314036,2016-05-30 01:05:00,0,68.54327107065406,0.007604715550310525
68.0,0.0106,42.0,314036,2016-05-30 01:10:00,0,68.46178041005595,0.008054008217763945
68.7,0.0058,26.0,314036,2016-05-30 01:15:00,0,68.49751334854756,0.0077159069850993535
69.0,0.0054,24.0,314036,2016-05-30 01:20:00,0,68.57288634626542,0.0073685209373344504
68.5,0.0061,30.0,314036,2016-05-30 01:25:00,0,68.56195339432561,0.007178242796734282
69.7,0.0052,27.0,314036,2016-05-30 01:30:00,0,68.73266038517677,0.00688150637722414
67.9,0.0053,28.0,314036,2016-05-30 01:35:00,0,68.60776132740025,0.006644280420640519
69.2,0.0087,34.0,314036,2016-05-30 01:40:00,0,68.69659712829021,0.006952638357544441
69.3,0.0036,20.0,314036,2016-05-30 01:45:00,0,68.78710755904667,0.0064497426039127745
68.9,0.0029,14.0,314036,2016-05-30 01:50:00,0,68.80404142518967,0.005917281213325858
68.9,0.0047,21.0,314036,2016-05-30 01:55:00,0,68.81843521141121,0.005734689031326979
67.9,0.0025,12.0,314036,2016-05-30 02:00:00,0,68.68066992969953,0.005249485676627932
68.0,0.0047,18.0,314036,2016-05-30 02:05:00,0,68.5785694402446,0.005167062825133743
68.8,0.0025,13.0,314036,2016-05-30 02:10:00,0,68.6117840242079,0.0047670034013636816
67.8,0.0049,24.0,314036,2016-05-30 02:15:00,0,68.49001642057672,0.00478695289115913
67.0,0.0035,17.0,314036,2016-05-30 02:20:00,0,68.26651395749022,0.0045939099574852605
67.1,0.0047,20.0,314036,2016-05-30 02:25:00,0,68.09153686386668,0.004609823463862472
67.6,0.0042,16.0,314036,2016-05-30 02:30:00,0,68.01780633428667,0.0045483499442831015
69.0,0.0026,12.0,314036,2016-05-30 02:35:00,0,68.16513538414367,0.004256097452640636
68.9,0.0035,16.0,314036,2016-05-30 02:40:00,0,68.27536507652212,0.004142682834744541
67.8,0.004,12.0,314036,2016-05-30 02:45:00,0,68.2040603150438,0.00412128040953286
67.5,0.0032,15.0,314036,2016-05-30 02:50:00,0,68.09845126778723,0.003983088348102931
68.4,0.0035,14.0,314036,2016-05-30 02:55:00,0,68.14368357761914,0.0039106250958874916
68.2,0.0031,12.0,314036,2016-05-30 03:00:00,0,68.15213104097627,0.003789031331504368
67.3,0.0021,9.0,314036,2016-05-30 03:05:00,0,68.02431138482983,0.0035356766317787124
68.3,0.0026,14.0,314036,2016-05-30 03:10:00,0,68.06566467710536,0.0033953251370119055
67.6,0.002,10.0,314036,2016-05-30 03:15:00,0,67.99581497553955,0.0031860263664601194
69.5,0.0015,8.0,314036,2016-05-30 03:20:00,0,68.22144272920862,0.0029331224114911014
68.2,0.003,15.0,314036,2016-05-30 03:25:00,0,68.21822631982732,0.002943154049767436
66.4,0.003,10.0,314036,2016-05-30 03:30:00,0,67.94549237185322,0.0029516809423023207
68.0,0.0026,13.0,314036,2016-05-30 03:35:00,0,67.95366851607524,0.002898928800956973
67.9,0.0028,15.0,314036,2016-05-30 03:40:00,0,67.94561823866395,0.0028840894808134267
69.1,0.0049,24.0,314036,2016-05-30 03:45:00,0,68.11877550286435,0.0031864760586914126
66.6,0.002,6.0,314036,2016-05-30 03:50:00,0,67.8909591774347,0.0030085046498877005
67.0,0.0028,13.0,314036,2016-05-30 03:55:00,0,67.75731530081949,0.002977228952404545
65.7,0.005,12.0,314036,2016-05-30 04:00:00,0,67.44871800569656,0.0032806446095438634
66.3,0.0042,16.0,314036,2016-05-30 04:05:00,0,67.27641030484207,0.0034185479181122838
65.5,0.0023,10.0,314036,2016-05-30 04:10:00,0,67.00994875911576,0.003250765730395441
67.0,0.0034,13.0,314036,2016-05-30 04:15:00,0,67.0084564452484,0.003273150870836125
68.0,0.0019,9.0,314036,2016-05-30 04:20:00,0,67.15718797846114,0.003067178240210706
67.3,0.0038,17.0,314036,2016-05-30 04:25:00,0,67.17860978169196,0.0031771015041791003
67.9,0.0047,21.0,314036,2016-05-30 04:30:00,0,67.28681831443816,0.003405536278552235
67.5,0.0061,27.0,314036,2016-05-30 04:35:00,0,67.31879556727245,0.0038097058367693995
68.5,0.0034,18.0,314036,2016-05-30 04:40:00,0,67.49597623218158,0.0037482499612539895
69.0,0.0065,32.0,314036,2016-05-30 04:45:00,0,67.72157979735434,0.004161012467065891
68.4,0.0051,20.0,314036,2016-05-30 04:50:00,0,67.82334282775119,0.0043018605970060065
68.3,0.0063,23.0,314036,2016-05-30 04:55:00,0,67.89484140358852,0.004601581507455105
67.5,0.0054,23.0,314036,2016-05-30 05:00:00,0,67.83561519305024,0.004721344281336839
69.0,0.005,25.0,314036,2016-05-30 05:05:00,0,68.01027291409271,0.004763142639136313
69.2,0.0061,25.0,314036,2016-05-30 05:10:00,0,68.1887319769788,0.004963671243265866
67.4,0.0105,43.0,314036,2016-05-30 05:15:00,0,68.07042218043198,0.005794120556775986
68.9,0.0101,43.0,314036,2016-05-30 05:20:00,0,68.19485885336718,0.006440002473259588
69.9,0.0074,37.0,314036,2016-05-30 05:25:00,0,68.4506300253621,0.00658400210227065
68.3,0.0129,51.0,314036,2016-05-30 05:30:00,0,68.42803552155779,0.0075314017869300524
68.2,0.0115,50.0,314036,2016-05-30 05:35:00,0,68.39383019332412,0.008126691518890544
69.2,0.0157,74.0,314036,2016-05-30 05:40:00,0,68.5147556643255,0.009262687791056962
69.2,0.0115,56.0,314036,2016-05-30 05:45:00,0,68.61754231467668,0.009598284622398416
69.3,0.0092,47.0,314036,2016-05-30 05:50:00,0,68.71991096747517,0.009538541929038653
69.9,0.0088,39.0,314036,2016-05-30 05:55:00,0,68.8969243223539,0.009427760639682854
68.6,0.0089,40.0,314036,2016-05-30 06:00:00,0,68.8523856740008,0.009348596543730424
68.8,0.012,57.0,314036,2016-05-30 06:05:00,0,68.84452782290067,0.00974630706217086
68.8,0.0086,39.0,314036,2016-05-30 06:10:00,0,68.83784864946557,0.00957436100284523
68.5,0.0137,56.0,314036,2016-05-30 06:15:00,0,68.78717135204573,0.010193206852418445
68.6,0.0132,56.0,314036,2016-05-30 06:20:00,0,68.75909564923887,0.010644225824555677
69.9,0.0155,78.0,314036,2016-05-30 06:25:00,0,68.93023130185304,0.011372591950872327
69.1,0.0122,58.0,314036,2016-05-30 06:30:00,0,68.95569660657509,0.011496703158241478
69.1,0.0209,93.0,314036,2016-05-30 06:35:00,0,68.97734211558883,0.012907197684505257
69.8,0.0176,87.0,314036,2016-05-30 06:40:00,0,69.1007407982505,0.013611118031829468
69.8,0.0197,94.0,314036,2016-05-30 06:45:00,0,69.20562967851292,0.014524450327055047
69.5,0.0154,71.0,314036,2016-05-30 06:50:00,0,69.24978522673598,0.01465578277799679
69.2,0.016,72.0,314036,2016-05-30 06:55:00,0,69.24231744272558,0.01485741536129727
68.5,0.0142,61.0,314036,2016-05-30 07:00:00,0,69.13096982631674,0.01475880305710268
68.2,0.0176,76.0,314036,2016-05-30 07:05:00,0,68.99132435236923,0.015184982598537277
68.6,0.0152,71.0,314036,2016-05-30 07:10:00,0,68.93262569951384,0.015187235208756686
67.7,0.0211,88.0,314036,2016-05-30 07:15:00,0,68.74773184458675,0.016074149927443184
68.3,0.0205,93.0,314036,2016-05-30 07:20:00,0,68.68057206789874,0.016738027438326707
69.1,0.0209,100.0,314036,2016-05-30 07:25:00,0,68.74348625771393,0.0173623233225777
68.2,0.0261,114.0,314036,2016-05-30 07:30:00,0,68.66196331905684,0.018672974824191044
69.2,0.0261,128.0,314036,2016-05-30 07:35:00,0,68.74266882119831,0.01978702860056239
68.9,0.0206,94.0,314036,2016-05-30 07:40:00,0,68.76626849801856,0.019908974310478028
68.9,0.028999999999999998,133.0,314036,2016-05-30 07:45:00,0,68.78632822331578,0.021272628163906324
69.2,0.023,102.0,314036,2016-05-30 07:50:00,0,68.84837898981841,0.021531733939320376
69.3,0.0208,95.0,314036,2016-05-30 07:55:00,0,68.91612214134565,0.02142197384842232
69.3,0.0224,101.0,314036,2016-05-30 08:00:00,0,68.9737038201438,0.021568677771158968
69.7,0.0205,99.0,314036,2016-05-30 08:05:00,0,69.08264824712222,0.021408376105485124
69.7,0.0194,88.0,314036,2016-05-30 08:10:00,0,69.17525101005388,0.021107119689662356
70.1,0.0236,111.0,314036,2016-05-30 08:15:00,0,69.31396335854579,0.021481051736213
70.8,0.02,99.0,314036,2016-05-30 08:20:00,0,69.53686885476392,0.02125889397578105
70.5,0.0234,106.0,314036,2016-05-30 08:25:00,0,69.68133852654934,0.02158005987941389
70.0,0.0296,134.0,314036,2016-05-30 08:30:00,0,69.72913774756694,0.022783050897501808
70.1,0.0287,131.0,314036,2016-05-30 08:35:00,0,69.7847670854319,0.023670593262876537
70.1,0.0317,146.0,314036,2016-05-30 08:40:00,0,69.8320520226171,0.024875004273445054
71.1,0.0311,145.0,314036,2016-05-30 08:45:00,0,70.02224421922455,0.025808753632428294
70.4,0.0276,125.0,314036,2016-05-30 08:50:00,0,70.07890758634086,0.026077440587564046
70.0,0.0251,121.0,314036,2016-05-30 08:55:00,0,70.06707144838973,0.02593082449942944
70.1,0.0303,136.0,314036,2016-05-30 09:00:00,0,70.07201073113126,0.026586200824515023
71.2,0.0295,138.0,314036,2016-05-30 09:05:00,0,70.24120912146157,0.02702327070083777
69.9,0.0384,168.0,314036,2016-05-30 09:10:00,0,70.19002775324233,0.0287297800957121
70.5,0.0332,150.0,314036,2016-05-30 09:15:00,0,70.23652359025598,0.029400313081355288
70.9,0.0327,149.0,314036,2016-05-30 09:20:00,0,70.33604505171759,0.029895266119151994
70.5,0.0282,132.0,314036,2016-05-30 09:25:00,0,70.36063829395995,0.029640976201279194
71.4,0.0386,178.0,314036,2016-05-30 09:30:00,0,70.51654254986596,0.030984829771087314
72.2,0.0377,179.0,314036,2016-05-30 09:35:00,0,70.76906116738607,0.031992105305424214
72.3,0.0381,178.0,314036,2016-05-30 09:40:00,0,70.99870199227816,0.03290828950961058
72.7,0.037000000000000005,173.0,314036,2016-05-30 09:45:00,0,71.25389669343643,0.033522046083169
72.4,0.0319,150.0,314036,2016-05-30 09:50:00,0,71.42581218942097,0.03327873917069365
71.1,0.0359,158.0,314036,2016-05-30 09:55:00,0,71.37694036100783,0.0336719282950896
72.1,0.0337,155.0,314036,2016-05-30 10:00:00,0,71.48539930685665,0.03367613905082616
73.2,0.0347,167.0,314036,2016-05-30 10:05:00,0,71.74258941082815,0.033829718193202234
73.3,0.033,156.0,314036,2016-05-30 10:10:00,0,71.97620099920393,0.0337052604642219
73.1,0.0366,173.0,314036,2016-05-30 10:15:00,0,72.14477084932334,0.03413947139458861
71.6,0.0417,185.0,314036,2016-05-30 10:20:00,0,72.06305522192483,0.03527355068540032
73.4,0.037000000000000005,178.0,314036,2016-05-30 10:25:00,0,72.2635969386361,0.035532518082590274
72.9,0.0385,178.0,314036,2016-05-30 10:30:00,0,72.35905739784069,0.035977640370201736
73.2,0.0361,168.0,314036,2016-05-30 10:35:00,0,72.48519878816458,0.03599599431467147
72.7,0.0387,181.0,314036,2016-05-30 10:40:00,0,72.5174189699399,0.03640159516747075
72.8,0.0441,200.0,314036,2016-05-30 10:45:00,0,72.55980612444891,0.03755635589235014
71.4,0.0394,176.0,314036,2016-05-30 10:50:00,0,72.38583520578158,0.037832902508497614
71.3,0.0386,176.0,314036,2016-05-30 10:55:00,0,72.22295992491433,0.03794796713222297
71.0,0.040999999999999995,188.0,314036,2016-05-30 11:00:00,0,72.03951593617718,0.038405772062389515
70.4,0.0442,197.0,314036,2016-05-30 11:05:00,0,71.7935885457506,0.03927490625303108
69.0,0.0474,203.0,314036,2016-05-30 11:10:00,0,71.374550263888,0.04049367031507642
70.9,0.0352,169.0,314036,2016-05-30 11:15:00,0,71.30336772430479,0.039699619767814956
71.2,0.0434,198.0,314036,2016-05-30 11:20:00,0,71.28786256565907,0.04025467680264271
71.1,0.040999999999999995,188.0,314036,2016-05-30 11:25:00,0,71.25968318081021,0.04036647528224631
71.2,0.0471,217.0,314036,2016-05-30 11:30:00,0,71.25073070368867,0.041376503989909365
71.1,0.0463,212.0,314036,2016-05-30 11:35:00,0,71.22812109813538,0.04211502839142296
72.1,0.0449,216.0,314036,2016-05-30 11:40:00,0,71.35890293341507,0.04253277413270951
71.6,0.046,209.0,314036,2016-05-30 11:45:00,0,71.3950674934028,0.04305285801280309
72.9,0.0414,200.0,314036,2016-05-30 11:50:00,0,71.62080736939238,0.042804929310882624
72.3,0.0463,219.0,314036,2016-05-30 11:55:00,0,71.72268626398352,0.04332918991425023
71.4,0.0429,197.0,314036,2016-05-30 12:00:00,0,71.67428332438598,0.04326481142711269
70.9,0.0491,223.0,314036,2016-05-30 12:05:00,0,71.55814082572809,0.04414008971304578
59.3,0.0726,184.0,314036,2016-05-30 12:10:00,0,69.71941970186887,0.04840907625608891
67.0,0.0392,192.0,314036,2016-05-30 12:15:00,0,69.31150674658853,0.04702771481767558
69.5,0.0456,213.0,314036,2016-05-30 12:20:00,0,69.33978073460025,0.04681355759502424
70.7,0.0429,203.0,314036,2016-05-30 12:25:00,0,69.54381362441022,0.04622652395577061
70.7,0.0455,209.0,314036,2016-05-30 12:30:00,0,69.71724158074869,0.04611754536240501
70.6,0.0436,203.0,314036,2016-05-30 12:35:00,0,69.84965534363639,0.04573991355804426
71.5,0.0483,230.0,314036,2016-05-30 12:40:00,0,70.09720704209093,0.04612392652433762
71.2,0.0461,212.0,314036,2016-05-30 12:45:00,0,70.26262598577729,0.04612033754568697
72.9,0.043,209.0,314036,2016-05-30 12:50:00,0,70.65823208791069,0.045652286913833925
73.0,0.0425,206.0,314036,2016-05-30 12:55:00,0,71.00949727472408,0.04517944387675883
71.2,0.0437,196.0,314036,2016-05-30 13:00:00,0,71.03807268351547,0.044957527295245006
71.4,0.0463,211.0,314036,2016-05-30 13:05:00,0,71.09236178098814,0.04515889820095825
72.0,0.0439,208.0,314036,2016-05-30 13:10:00,0,71.22850751383992,0.04497006347081452
72.2,0.0499,235.0,314036,2016-05-30 13:15:00,0,71.37423138676392,0.045709553950192335
72.3,0.038,181.0,314036,2016-05-30 13:20:00,0,71.51309667874933,0.044553120857663484
72.3,0.0416,195.0,314036,2016-05-30 13:25:00,0,71.63113217693693,0.04411015272901396
70.9,0.0402,182.0,314036,2016-05-30 13:30:00,0,71.52146235039639,0.04352362981966187
71.9,0.0426,203.0,314036,2016-05-30 13:35:00,0,71.57824299783692,0.043385085346712586
61.4,0.0732,193.0,314036,2016-05-30 13:40:00,0,70.05150654816138,0.04785732254470569
66.0,0.0441,204.0,314036,2016-05-30 13:45:00,0,69.44378056593717,0.04729372416299984
69.1,0.0383,180.0,314036,2016-05-30 13:50:00,0,69.3922134810466,0.04594466553854986
72.0,0.0388,191.0,314036,2016-05-30 13:55:00,0,69.78338145888961,0.04487296570776738
69.7,0.0421,194.0,314036,2016-05-30 14:00:00,0,69.77087424005617,0.044457020851602275
69.8,0.0374,183.0,314036,2016-05-30 14:05:00,0,69.77524310404775,0.04339846772386194
68.6,0.0411,189.0,314036,2016-05-30 14:10:00,0,69.59895663844058,0.04305369756528264
67.9,0.0406,186.0,314036,2016-05-30 14:15:00,0,69.34411314267449,0.04268564293049024
68.2,0.0406,191.0,314036,2016-05-30 14:20:00,0,69.17249617127331,0.04237279649091671
68.0,0.0415,194.0,314036,2016-05-30 14:25:00,0,68.99662174558232,0.0422418770172792
68.0,0.0381,180.0,314036,2016-05-30 14:30:00,0,68.84712848374497,0.04162059546468732
68.0,0.0406,191.0,314036,2016-05-30 14:35:00,0,68.72005921118323,0.04146750614498422
67.8,0.0366,166.0,314036,2016-05-30 14:40:00,0,68.58205032950573,0.040737380223236586
68.0,0.0385,184.0,314036,2016-05-30 14:45:00,0,68.49474278007987,0.0404017731897511
67.1,0.0418,185.0,314036,2016-05-30 14:50:00,0,68.28553136306789,0.04061150721128843
67.2,0.0414,193.0,314036,2016-05-30 14:55:00,0,68.12270165860771,0.04072978112959517
66.4,0.0454,217.0,314036,2016-05-30 15:00:00,0,67.86429640981655,0.041430313960155896
66.2,0.0396,187.0,314036,2016-05-30 15:05:00,0,67.61465194834406,0.04115576686613251
66.5,0.0337,162.0,314036,2016-05-30 15:10:00,0,67.44745415609245,0.04003740183621263
65.6,0.044000000000000004,202.0,314036,2016-05-30 15:15:00,0,67.17033603267858,0.040631791560780735
65.8,0.0381,182.0,314036,2016-05-30 15:20:00,0,66.96478562777679,0.040252022826663625
65.5,0.0419,199.0,314036,2016-05-30 15:25:00,0,66.74506778361027,0.04049921940266408
65.1,0.0427,198.0,314036,2016-05-30 15:30:00,0,66.49830761606873,0.040829336492264466
66.2,0.038,185.0,314036,2016-05-30 15:35:00,0,66.45356147365843,0.04040493601842479
65.7,0.0361,171.0,314036,2016-05-30 15:40:00,0,66.34052725260966,0.039759195615661075
65.2,0.0388,182.0,314036,2016-05-30 15:45:00,0,66.1694481647182,0.03961531627331191
65.8,0.039,189.0,314036,2016-05-30 15:50:00,0,66.11403094001048,0.03952301883231513
66.9,0.0336,165.0,314036,2016-05-30 15:55:00,0,66.2319262990089,0.038634566007467855
67.2,0.0301,147.0,314036,2016-05-30 16:00:00,0,66.37713735415757,0.03735438110634767
66.0,0.0445,207.0,314036,2016-05-30 16:05:00,0,66.32056675103394,0.03842622394039552
65.7,0.0399,186.0,314036,2016-05-30 16:10:00,0,66.22748173837884,0.038647290349336186
64.9,0.0399,178.0,314036,2016-05-30 16:15:00,0,66.02835947762202,0.038835196796935756
66.5,0.0389,194.0,314036,2016-05-30 16:20:00,0,66.09910555597871,0.03884491727739539
66.5,0.0348,166.0,314036,2016-05-30 16:25:00,0,66.1592397225819,0.038238179685786085
67.3,0.0378,188.0,314036,2016-05-30 16:30:00,0,66.33035376419461,0.03817245273291817
65.9,0.0342,156.0,314036,2016-05-30 16:35:00,0,66.26580069956542,0.03757658482298045
65.2,0.0358,164.0,314036,2016-05-30 16:40:00,0,66.1059305946306,0.03731009709953338
65.4,0.0361,170.0,314036,2016-05-30 16:45:00,0,66.00004100543602,0.03712858253460337
65.3,0.0334,152.0,314036,2016-05-30 16:50:00,0,65.8950348546206,0.036569295154412866
66.5,0.0272,130.0,314036,2016-05-30 16:55:00,0,65.98577962642752,0.03516390088125093
67.3,0.0302,147.0,314036,2016-05-30 17:00:00,0,66.18291268246338,0.03441931574906329
66.8,0.0346,167.0,314036,2016-05-30 17:05:00,0,66.27547578009387,0.03444641838670379
65.5,0.0361,164.0,314036,2016-05-30 17:10:00,0,66.15915441307979,0.034694455628698224
66.2,0.0283,133.0,314036,2016-05-30 17:15:00,0,66.16528125111782,0.03373528728439349
66.2,0.0349,164.0,314036,2016-05-30 17:20:00,0,66.17048906345013,0.03390999419173447
66.9,0.0297,144.0,314036,2016-05-30 17:25:00,0,66.27991570393262,0.0332784950629743
66.8,0.031,148.0,314036,2016-05-30 17:30:00,0,66.35792834834272,0.03293672080352815
66.4,0.0323,152.0,314036,2016-05-30 17:35:00,0,66.36423909609132,0.03284121268299893
65.8,0.0373,172.0,314036,2016-05-30 17:40:00,0,66.27960323167763,0.033510030780549094
66.1,0.03,143.0,314036,2016-05-30 17:45:00,0,66.25266274692598,0.032983526163466725
66.7,0.0266,127.0,314036,2016-05-30 17:50:00,0,66.31976333488709,0.03202599723894672
66.4,0.025,112.0,314036,2016-05-30 17:55:00,0,66.33179883465402,0.03097209765310471
67.3,0.0289,135.0,314036,2016-05-30 18:00:00,0,66.47702900945592,0.030661283005139
68.0,0.0301,142.0,314036,2016-05-30 18:05:00,0,66.70547465803753,0.03057709055436815
67.9,0.0287,132.0,314036,2016-05-30 18:10:00,0,66.8846534593319,0.030295526971212926
69.4,0.0257,128.0,314036,2016-05-30 18:15:00,0,67.26195544043212,0.029606197925530986
69.7,0.0287,143.0,314036,2016-05-30 18:20:00,0,67.6276621243673,0.029470268236701336
69.5,0.0217,106.0,314036,2016-05-30 18:25:00,0,67.9085128057122,0.028304728001196135
70.3,0.0237,117.0,314036,2016-05-30 18:30:00,0,68.26723588485537,0.027614018801016712
69.7,0.0271,131.0,314036,2016-05-30 18:35:00,0,68.48215050212706,0.027536915980864204
68.8,0.0278,126.0,314036,2016-05-30 18:40:00,0,68.529827926808,0.027576378583734573
69.2,0.0262,130.0,314036,2016-05-30 18:45:00,0,68.63035373778679,0.027369921796174385
69.4,0.0272,132.0,314036,2016-05-30 18:50:00,0,68.74580067711877,0.027344433526748226
69.6,0.025,123.0,314036,2016-05-30 18:55:00,0,68.87393057555094,0.02699276849773599
68.5,0.0231,106.0,314036,2016-05-30 19:00:00,0,68.8178409892183,0.026408853223075592
69.0,0.0214,104.0,314036,2016-05-30 19:05:00,0,68.84516484083555,0.025657525239614253
69.1,0.0226,107.0,314036,2016-05-30 19:10:00,0,68.88339011471021,0.025198896453672116
68.1,0.0251,114.0,314036,2016-05-30 19:15:00,0,68.76588159750368,0.025184061985621297
67.7,0.0266,122.0,314036,2016-05-30 19:20:00,0,68.60599935787812,0.025396452687778102
68.4,0.0213,103.0,314036,2016-05-30 19:25:00,0,68.5750994541964,0.024781984784611386
69.2,0.0244,119.0,314036,2016-05-30 19:30:00,0,68.66883453606694,0.024724687066919677
69.2,0.0216,104.0,314036,2016-05-30 19:35:00,0,68.74850935565689,0.024255984006881726
68.8,0.0196,96.0,314036,2016-05-30 19:40:00,0,68.75623295230835,0.023557586405849464
69.4,0.0236,115.0,314036,2016-05-30 19:45:00,0,68.85279800946209,0.023563948444972047
69.6,0.0191,95.0,314036,2016-05-30 19:50:00,0,68.96487830804277,0.022894356178226237
69.1,0.0226,109.0,314036,2016-05-30 19:55:00,0,68.98514656183634,0.022850202751492302
69.2,0.0165,83.0,314036,2016-05-30 20:00:00,0,69.01737457756089,0.021897672338768458
69.2,0.0201,96.0,314036,2016-05-30 20:05:00,0,69.04476839092675,0.02162802148795319
69.4,0.0228,111.0,314036,2016-05-30 20:10:00,0,69.09805313228773,0.02180381826476021
69.3,0.0163,77.0,314036,2016-05-30 20:15:00,0,69.12834516244457,0.020978245525046176
68.9,0.018000000000000002,88.0,314036,2016-05-30 20:20:00,0,69.09409338807788,0.02053150869628925
68.7,0.0269,124.0,314036,2016-05-30 20:25:00,0,69.0349793798662,0.02148678239184586
69.0,0.0199,94.0,314036,2016-05-30 20:30:00,0,69.02973247288627,0.021248765033068984
68.8,0.0206,99.0,314036,2016-05-30 20:35:00,0,68.99527260195332,0.021151450278108636
68.7,0.0154,75.0,314036,2016-05-30 20:40:00,0,68.95098171166032,0.02028873273639234
69.6,0.0173,86.0,314036,2016-05-30 20:45:00,0,69.04833445491127,0.019840422825933488
69.2,0.0218,104.0,314036,2016-05-30 20:50:00,0,69.07108428667458,0.020134359402043462
68.9,0.0191,93.0,314036,2016-05-30 20:55:00,0,69.0454216436734,0.019979205491736943
69.1,0.0187,90.0,314036,2016-05-30 21:00:00,0,69.05360839712237,0.0197873246679764
68.7,0.0225,104.0,314036,2016-05-30 21:05:00,0,69.00056713755401,0.02019422596777994
69.1,0.0191,90.0,314036,2016-05-30 21:10:00,0,69.01548206692091,0.020030092072612946
69.0,0.0184,90.0,314036,2016-05-30 21:15:00,0,69.01315975688277,0.019785578261721004
68.5,0.0214,96.0,314036,2016-05-30 21:20:00,0,68.93618579335036,0.020027741522462852
68.0,0.0202,92.0,314036,2016-05-30 21:25:00,0,68.79575792434781,0.020053580294093425
67.7,0.0199,92.0,314036,2016-05-30 21:30:00,0,68.63139423569564,0.020030543249979414
68.1,0.0176,81.0,314036,2016-05-30 21:35:00,0,68.55168510034129,0.0196659617624825
68.5,0.0139,68.0,314036,2016-05-30 21:40:00,0,68.5439323352901,0.018801067498110124
68.9,0.0191,93.0,314036,2016-05-30 21:45:00,0,68.59734248499657,0.018845907373393603
68.8,0.0198,95.0,314036,2016-05-30 21:50:00,0,68.62774111224708,0.01898902126738456
68.4,0.0146,63.0,314036,2016-05-30 21:55:00,0,68.59357994541001,0.018330668077276877
67.8,0.0159,65.0,314036,2016-05-30 22:00:00,0,68.4745429535985,0.017966067865685345
68.7,0.0109,56.0,314036,2016-05-30 22:05:00,0,68.50836151055873,0.01690615768583254
67.6,0.0149,65.0,314036,2016-05-30 22:10:00,0,68.37210728397491,0.01660523403295766
68.6,0.0146,72.0,314036,2016-05-30 22:15:00,0,68.40629119137867,0.016304448928014012
69.1,0.0176,84.0,314036,2016-05-30 22:20:00,0,68.51034751267187,0.01649878158881191
69.4,0.0133,67.0,314036,2016-05-30 22:25:00,0,68.64379538577109,0.016018964350490123
68.7,0.0137,66.0,314036,2016-05-30 22:30:00,0,68.65222607790542,0.015671119697916604
68.5,0.0119,54.0,314036,2016-05-30 22:35:00,0,68.62939216621962,0.015105451743229113
68.6,0.011000000000000001,54.0,314036,2016-05-30 22:40:00,0,68.62498334128668,0.014489633981744746
69.2,0.0164,82.0,314036,2016-05-30 22:45:00,0,68.71123584009368,0.014776188884483035
68.9,0.0143,67.0,314036,2016-05-30 22:50:00,0,68.73955046407963,0.014704760551810579
68.6,0.0147,69.0,314036,2016-05-30 22:55:00,0,68.71861789446768,0.014704046469038992
68.2,0.0148,65.0,314036,2016-05-30 23:00:00,0,68.64082521029754,0.014718439498683143
68.9,0.013000000000000001,64.0,314036,2016-05-30 23:05:00,0,68.6797014287529,0.014460673573880672
68.2,0.0113,52.0,314036,2016-05-30 23:10:00,0,68.60774621443997,0.013986572537798572
68.8,0.0093,46.0,314036,2016-05-30 23:15:00,0,68.63658428227397,0.013283586657128787
68.6,0.0131,59.0,314036,2016-05-30 23:20:00,0,68.63109663993288,0.013256048658559469
68.1,0.0103,50.0,314036,2016-05-30 23:25:00,0,68.55143214394295,0.012812641359775548
69.3,0.0077,38.0,314036,2016-05-30 23:30:00,0,68.6637173223515,0.012045745155809215
69.0,0.0108,52.0,314036,2016-05-30 23:35:00,0,68.71415972399878,0.011858883382437832
70.2,0.009000000000000001,46.0,314036,2016-05-30 23:40:00,0,68.93703576539896,0.011430050875072158
69.1,0.0094,44.0,314036,2016-05-30 23:45:00,0,68.96148040058911,0.011125543243811334
68.1,0.0078,34.0,314036,2016-05-30 23:50:00,0,68.83225834050074,0.010626711757239633
68.4,0.0062,32.0,314036,2016-05-30 23:55:00,0,68.76741958942563,0.009962704993653688
68.5,0.006999999999999999,34.0,314036,2016-05-31 00:00:00,0,68.72730665101179,0.009518299244605635
68.2,0.0087,39.0,314036,2016-05-31 00:05:00,0,68.64821065336002,0.00939555435791479
68.5,0.0074,37.0,314036,2016-05-31 00:10:00,0,68.62597905535603,0.009096221204227572
69.4,0.0087,43.0,314036,2016-05-31 00:15:00,0,68.74208219705262,0.009036788023593437
69.5,0.0072,35.0,314036,2016-05-31 00:20:00,0,68.85576986749473,0.00876126982005442
69.6,0.0063,31.0,314036,2016-05-31 00:25:00,0,68.96740438737052,0.008392079347046257
69.8,0.0069,32.0,314036,2016-05-31 00:30:00,0,69.09229372926494,0.008168267444989318
69.2,0.0045,22.0,314036,2016-05-31 00:35:00,0,69.1084496698752,0.00761802732824092
68.6,0.0039,20.0,314036,2016-05-31 00:40:00,0,69.03218221939392,0.007060323229004782
68.6,0.0054,25.0,314036,2016-05-31 00:45:00,0,68.96735488648483,0.006811274744654064
68.9,0.0043,23.0,314036,2016-05-31 00:50:00,0,68.9572516535121,0.006434583532955954
67.1,0.005,20.0,314036,2016-05-31 00:55:00,0,68.67866390548528,0.006219396003012561
69.4,0.0043,23.0,314036,2016-05-31 01:00:00,0,68.78686431966248,0.005931486602560676
68.3,0.0029,14.0,314036,2016-05-31 01:05:00,0,68.71383467171312,0.005476763612176574
67.1,0.0042,14.0,314036,2016-05-31 01:10:00,0,68.47175947095614,0.005285249070350087
68.0,0.0047,23.0,314036,2016-05-31 01:15:00,0,68.40099555031271,0.0051974617097975745
68.4,0.0034,13.0,314036,2016-05-31 01:20:00,0,68.4008462177658,0.0049278424533279385
68.4,0.0034,17.0,314036,2016-05-31 01:25:00,0,68.40071928510093,0.004698666085328747
67.0,0.0048,21.0,314036,2016-05-31 01:30:00,0,68.1906113923358,0.004713866172529435
68.0,0.0009,4.0,314036,2016-05-31 01:35:00,0,68.16201968348543,0.00414178624665002
67.2,0.004,15.0,314036,2016-05-31 01:40:00,0,68.01771673096262,0.004120518309652516
66.7,0.0046,14.0,314036,2016-05-31 01:45:00,0,67.82005922131822,0.004192440563204639
67.9,0.0029,11.0,314036,2016-05-31 01:50:00,0,67.83205033812048,0.003998574478723943
68.1,0.0037,15.0,314036,2016-05-31 01:55:00,0,67.87224278740241,0.003953788306915351
66.4,0.0026,10.0,314036,2016-05-31 02:00:00,0,67.65140636929205,0.0037507200608780486
67.9,0.0029,13.0,314036,2016-05-31 02:05:00,0,67.68869541389823,0.003623112051746341
68.0,0.0033,13.0,314036,2016-05-31 02:10:00,0,67.73539110181349,0.0035746452439843895
68.1,0.002,9.0,314036,2016-05-31 02:15:00,0,67.79008243654147,0.003338448457386731
67.0,0.0019,7.0,314036,2016-05-31 02:20:00,0,67.67157007106024,0.0031226811887787214
69.2,0.0011,5.0,314036,2016-05-31 02:25:00,0,67.90083456040121,0.0028192790104619135
66.2,0.0019,9.0,314036,2016-05-31 02:30:00,0,67.64570937634102,0.0026813871588926264
68.2,0.0027,13.0,314036,2016-05-31 02:35:00,0,67.72885296988986,0.0026841790850587323
65.5,0.0036,10.0,314036,2016-05-31 02:40:00,0,67.39452502440638,0.0028215522222999226
67.6,0.0028,10.0,314036,2016-05-31 02:45:00,0,67.42534627074542,0.002818319388954934
68.2,0.0026,12.0,314036,2016-05-31 02:50:00,0,67.5415443301336,0.002785571480611694
68.4,0.0018,8.0,314036,2016-05-31 02:55:00,0,67.67031268061356,0.0026377357585199396
67.3,0.0042,14.0,314036,2016-05-31 03:00:00,0,67.61476577852153,0.0028720753947419483
65.7,0.0037,10.0,314036,2016-05-31 03:05:00,0,67.3275509117433,0.002996264085530656
66.0,0.0027,8.0,314036,2016-05-31 03:10:00,0,67.12841827498181,0.0029518244727010576
67.5,0.0042,16.0,314036,2016-05-31 03:15:00,0,67.18415553373454,0.0031390508017958988
66.0,0.0063,15.0,314036,2016-05-31 03:20:00,0,67.00653220367435,0.003613193181526514
67.4,0.0035,18.0,314036,2016-05-31 03:25:00,0,67.0655523731232,0.0035962142042975367
69.2,0.0048,23.0,314036,2016-05-31 03:30:00,0,67.38571951715471,0.003776782073652906
67.1,0.0058,22.0,314036,2016-05-31 03:35:00,0,67.3428615895815,0.00408026476260497
68.8,0.0055,25.0,314036,2016-05-31 03:40:00,0,67.56143235114428,0.004293225048214224
68.3,0.0074,32.0,314036,2016-05-31 03:45:00,0,67.67221749847263,0.00475924129098209
68.1,0.0053,20.0,314036,2016-05-31 03:50:00,0,67.73638487370174,0.004840355097334776
67.5,0.0055,23.0,314036,2016-05-31 03:55:00,0,67.70092714264648,0.004939301832734559
64.8,0.0052,16.0,314036,2016-05-31 04:00:00,0,67.2657880712495,0.0049784065578243756
66.9,0.005,17.0,314036,2016-05-31 04:05:00,0,67.21091986056207,0.004981645574150719
67.6,0.006,22.0,314036,2016-05-31 04:10:00,0,67.26928188147775,0.005134398738028111
66.9,0.006999999999999999,27.0,314036,2016-05-31 04:15:00,0,67.21388959925609,0.005414238927323894
67.3,0.0071,27.0,314036,2016-05-31 04:20:00,0,67.22680615936767,0.00566710308822531
67.5,0.0091,32.0,314036,2016-05-31 04:25:00,0,67.26778523546253,0.006182037624991513
68.2,0.0107,40.0,314036,2016-05-31 04:30:00,0,67.40761745014315,0.006859731981242786
67.9,0.0102,46.0,314036,2016-05-31 04:35:00,0,67.48147483262167,0.007360772184056368
68.9,0.0157,72.0,314036,2016-05-31 04:40:00,0,67.69425360772843,0.008611656356447913
69.2,0.0176,79.0,314036,2016-05-31 04:45:00,0,67.92011556656917,0.009959907902980725
68.9,0.0159,64.0,314036,2016-05-31 04:50:00,0,68.0670982315838,0.010850921717533617
67.6,0.0144,49.0,314036,2016-05-31 04:55:00,0,67.99703349684623,0.011383283459903575
66.5,0.0138,50.0,314036,2016-05-31 05:00:00,0,67.77247847231929,0.011745790940918037
68.3,0.012,51.0,314036,2016-05-31 05:05:00,0,67.8516067014714,0.011783922299780331
68.6,0.0174,76.0,314036,2016-05-31 05:10:00,0,67.96386569625068,0.01262633395481328
68.9,0.0246,99.0,314036,2016-05-31 05:15:00,0,68.10428584181307,0.014422383861591288
68.1,0.0225,93.0,314036,2016-05-31 05:20:00,0,68.1036429655411,0.015634026282352595
69.7,0.028999999999999998,137.0,314036,2016-05-31 05:25:00,0,68.34309652070993,0.017638922339999703
70.4,0.0294,139.0,314036,2016-05-31 05:30:00,0,68.65163204260344,0.019403083988999748
69.8,0.0299,132.0,314036,2016-05-31 05:35:00,0,68.82388723621293,0.020977621390649785
71.1,0.0375,176.0,314036,2016-05-31 05:40:00,0,69.16530415078098,0.02345597818205232
72.0,0.0355,168.0,314036,2016-05-31 05:45:00,0,69.59050852816384,0.02526258145474447
69.9,0.034,144.0,314036,2016-05-31 05:50:00,0,69.63693224893926,0.026573194236532798
68.1,0.0353,142.0,314036,2016-05-31 05:55:00,0,69.40639241159838,0.027882215101052876
68.5,0.0288,126.0,314036,2016-05-31 06:00:00,0,69.27043354985862,0.028019882835894946
66.0,0.0302,119.0,314036,2016-05-31 06:05:00,0,68.77986851737982,0.028346900410510703
67.1,0.0379,158.0,314036,2016-05-31 06:10:00,0,68.52788823977285,0.029779865348934096
68.9,0.0426,193.0,314036,2016-05-31 06:15:00,0,68.58370500380693,0.03170288554659398
68.8,0.0437,195.0,314036,2016-05-31 06:20:00,0,68.61614925323589,0.033502452714604884
68.2,0.0468,204.0,314036,2016-05-31 06:25:00,0,68.55372686525051,0.03549708480741415
67.0,0.0554,233.0,314036,2016-05-31 06:30:00,0,68.32066783546293,0.038482522086302026
67.1,0.0614,266.0,314036,2016-05-31 06:35:00,0,68.13756766014349,0.04192014377335672
67.4,0.0616,276.0,314036,2016-05-31 06:40:00,0,68.02693251112197,0.04487212220735321
67.5,0.0708,315.0,314036,2016-05-31 06:45:00,0,67.94789263445367,0.048761303876250224
68.2,0.0552,248.0,314036,2016-05-31 06:50:00,0,67.98570873928561,0.049727108294812694
68.0,0.0526,224.0,314036,2016-05-31 06:55:00,0,67.98785242839277,0.05015804205059079
66.5,0.0611,253.0,314036,2016-05-31 07:00:00,0,67.76467456413386,0.05179933574300217
65.8,0.0614,267.0,314036,2016-05-31 07:05:00,0,67.46997337951377,0.05323943538155185
65.4,0.0571,249.0,314036,2016-05-31 07:10:00,0,67.15947737258671,0.05381852007431907
65.1,0.0655,280.0,314036,2016-05-31 07:15:00,0,66.85055576669869,0.05557074206317121
65.8,0.0688,309.0,314036,2016-05-31 07:20:00,0,66.69297240169388,0.05755513075369553
65.1,0.0682,299.0,314036,2016-05-31 07:25:00,0,66.45402654143979,0.05915186114064121
65.3,0.0703,313.0,314036,2016-05-31 07:30:00,0,66.28092256022381,0.06082408196954502
65.3,0.0843,371.0,314036,2016-05-31 07:35:00,0,66.13378417619023,0.06434546967411327
64.5,0.079,340.0,314036,2016-05-31 07:40:00,0,65.8887165497617,0.06654364922299627
65.7,0.0707,321.0,314036,2016-05-31 07:45:00,0,65.86040906729744,0.06716710183954683
64.8,0.0715,303.0,314036,2016-05-31 07:50:00,0,65.70134770720281,0.06781703656361479
65.6,0.0552,247.0,314036,2016-05-31 07:55:00,0,65.6861455511224,0.06592448107907257
65.0,0.0587,254.0,314036,2016-05-31 08:00:00,0,65.58322371845404,0.0648408089172117
64.3,0.0744,318.0,314036,2016-05-31 08:05:00,0,65.39074016068592,0.06627468757962994
65.4,0.0573,260.0,314036,2016-05-31 08:10:00,0,65.39212913658304,0.06492848444268545
64.5,0.066,285.0,314036,2016-05-31 08:15:00,0,65.25830976609558,0.06508921177628263
63.4,0.0743,311.0,314036,2016-05-31 08:20:00,0,64.97956330118124,0.06647083000984023
63.2,0.0713,299.0,314036,2016-05-31 08:25:00,0,64.71262880600406,0.06719520550836419
64.1,0.0571,246.0,314036,2016-05-31 08:30:00,0,64.62073448510345,0.06568092468210956
64.0,0.0618,266.0,314036,2016-05-31 08:35:00,0,64.52762431233793,0.06509878597979313
64.9,0.0661,292.0,314036,2016-05-31 08:40:00,0,64.58348066548724,0.06524896808282415
66.8,0.0553,262.0,314036,2016-05-31 08:45:00,0,64.91595856566416,0.06375662287040053
65.7,0.0638,276.0,314036,2016-05-31 08:50:00,0,65.03356478081453,0.06376312943984044
64.4,0.0631,266.0,314036,2016-05-31 08:55:00,0,64.93853006369235,0.06366366002386438
66.2,0.0585,254.0,314036,2016-05-31 09:00:00,0,65.1277505541385,0.06288911102028472
65.5,0.0621,260.0,314036,2016-05-31 09:05:00,0,65.18358797101773,0.062770744367242
66.8,0.0461,201.0,314036,2016-05-31 09:10:00,0,65.42604977536507,0.0602701327121557
65.9,0.0581,243.0,314036,2016-05-31 09:15:00,0,65.49714230906031,0.059944612805332344
67.0,0.0506,221.0,314036,2016-05-31 09:20:00,0,65.72257096270125,0.05854292088453249
67.1,0.0507,218.0,314036,2016-05-31 09:25:00,0,65.92918531829606,0.05736648275185261
66.3,0.0536,231.0,314036,2016-05-31 09:30:00,0,65.98480752055166,0.05680151033907472
65.7,0.048,199.0,314036,2016-05-31 09:35:00,0,65.94208639246891,0.05548128378821351
66.8,0.0533,234.0,314036,2016-05-31 09:40:00,0,66.07077343359857,0.05515409121998148
67.2,0.0486,216.0,314036,2016-05-31 09:45:00,0,66.2401574185588,0.05417097753698426
67.9,0.0475,213.0,314036,2016-05-31 09:50:00,0,66.48913380577497,0.053170330906436615
67.2,0.0472,202.0,314036,2016-05-31 09:55:00,0,66.59576373490873,0.052274781270471124
66.2,0.0454,179.0,314036,2016-05-31 10:00:00,0,66.53639917467243,0.05124356407990045
66.7,0.0445,191.0,314036,2016-05-31 10:05:00,0,66.56093929847155,0.050232029467915384
68.7,0.0415,186.0,314036,2016-05-31 10:10:00,0,66.88179840370083,0.04892222504772808
68.6,0.0393,170.0,314036,2016-05-31 10:15:00,0,67.1395286431457,0.04747889129056886
68.2,0.0386,167.0,314036,2016-05-31 10:20:00,0,67.29859934667384,0.04614705759698354
69.1,0.0384,172.0,314036,2016-05-31 10:25:00,0,67.56880944467277,0.044984998957436004
68.0,0.043,182.0,314036,2016-05-31 10:30:00,0,67.63348802797185,0.0446872491138206
67.0,0.0462,189.0,314036,2016-05-31 10:35:00,0,67.53846482377607,0.044914161746747505
67.7,0.0476,204.0,314036,2016-05-31 10:40:00,0,67.56269510020965,0.04531703748473538
67.8,0.042,180.0,314036,2016-05-31 10:45:00,0,67.5982908351782,0.04481948186202507
67.0,0.0444,179.0,314036,2016-05-31 10:50:00,0,67.50854720990148,0.04475655958272131
68.3,0.0431,187.0,314036,2016-05-31 10:55:00,0,67.62726512841625,0.04450807564531311
68.2,0.0446,189.0,314036,2016-05-31 11:00:00,0,67.71317535915381,0.044521864298516144
67.0,0.0421,171.0,314036,2016-05-31 11:05:00,0,67.60619905528074,0.044158584653738724
68.4,0.0411,184.0,314036,2016-05-31 11:10:00,0,67.72526919698863,0.04369979695567791
68.8,0.0452,197.0,314036,2016-05-31 11:15:00,0,67.88647881744033,0.04392482741232622
69.2,0.042,186.0,314036,2016-05-31 11:20:00,0,68.08350699482428,0.043636103300477284
67.5,0.052000000000000005,209.0,314036,2016-05-31 11:25:00,0,67.99598094560064,0.04489068780540569
68.6,0.040999999999999995,180.0,314036,2016-05-31 11:30:00,0,68.08658380376053,0.04430708463459483
69.3,0.0475,211.0,314036,2016-05-31 11:35:00,0,68.26859623319645,0.044786021939405604
69.1,0.0452,197.0,314036,2016-05-31 11:40:00,0,68.39330679821698,0.044848118648494764
69.5,0.0449,201.0,314036,2016-05-31 11:45:00,0,68.55931077848443,0.04485590085122055
69.9,0.044000000000000004,196.0,314036,2016-05-31 11:50:00,0,68.76041416171176,0.04472751572353747
67.5,0.0454,180.0,314036,2016-05-31 11:55:00,0,68.571352037455,0.04482838836500684
66.8,0.0481,198.0,314036,2016-05-31 12:00:00,0,68.30564923183675,0.04531913011025581
67.8,0.0413,179.0,314036,2016-05-31 12:05:00,0,68.22980184706124,0.04471626059371744
70.6,0.0359,173.0,314036,2016-05-31 12:10:00,0,68.58533157000205,0.04339382150465982
69.7,0.0476,204.0,314036,2016-05-31 12:15:00,0,68.75253183450175,0.04402474827896085
68.2,0.0455,187.0,314036,2016-05-31 12:20:00,0,68.6696520593265,0.04424603603711672
68.0,0.0479,206.0,314036,2016-05-31 12:25:00,0,68.56920425042752,0.04479413063154921
70.1,0.0384,179.0,314036,2016-05-31 12:30:00,0,68.79882361286339,0.04383501103681683
69.5,0.0498,217.0,314036,2016-05-31 12:35:00,0,68.90400007093388,0.0447297593812943
68.7,0.0506,217.0,314036,2016-05-31 12:40:00,0,68.87340006029379,0.04561029547410016
69.3,0.042,186.0,314036,2016-05-31 12:45:00,0,68.93739005124972,0.045068751152985136
69.3,0.0501,214.0,314036,2016-05-31 12:50:00,0,68.99178154356225,0.045823438480037365
70.0,0.0405,184.0,314036,2016-05-31 12:55:00,0,69.14301431202792,0.04502492270803175
68.0,0.0502,205.0,314036,2016-05-31 13:00:00,0,68.97156216522373,0.04580118430182699
67.6,0.0423,182.0,314036,2016-05-31 13:05:00,0,68.76582784044017,0.04527600665655294
69.8,0.0431,202.0,314036,2016-05-31 13:10:00,0,68.92095366437414,0.04494960565807
69.6,0.0448,198.0,314036,2016-05-31 13:15:00,0,69.02281061471801,0.044927164809359495
71.7,0.0465,217.0,314036,2016-05-31 13:20:00,0,69.42438902251031,0.04516309008795557
70.6,0.0458,202.0,314036,2016-05-31 13:25:00,0,69.60073066913377,0.045258626574762234
69.6,0.042,182.0,314036,2016-05-31 13:30:00,0,69.6006210687637,0.0447698325885479
68.0,0.0528,215.0,314036,2016-05-31 13:35:00,0,69.36052790844914,0.045974357700265714
69.3,0.0482,216.0,314036,2016-05-31 13:40:00,0,69.35144872218177,0.046308204045225856
69.2,0.0432,190.0,314036,2016-05-31 13:45:00,0,69.3287314138545,0.04584197343844198
68.7,0.0479,209.0,314036,2016-05-31 13:50:00,0,69.23442170177631,0.04615067742267568
69.7,0.042,189.0,314036,2016-05-31 13:55:00,0,69.30425844650986,0.04552807580927433
66.6,0.0451,193.0,314036,2016-05-31 14:00:00,0,68.89861967953338,0.04546386443788318
65.3,0.051,221.0,314036,2016-05-31 14:05:00,0,68.35882672760337,0.0462942847722007
63.4,0.0505,203.0,314036,2016-05-31 14:10:00,0,67.61500271846286,0.04692514205637059
64.4,0.048,217.0,314036,2016-05-31 14:15:00,0,67.13275231069343,0.047086370747915
64.9,0.0606,267.0,314036,2016-05-31 14:20:00,0,66.79783946408942,0.04911341513572775
65.1,0.055,240.0,314036,2016-05-31 14:25:00,0,66.543163544476,0.049996402865368585
64.4,0.0568,245.0,314036,2016-05-31 14:30:00,0,66.2216890128046,0.051016942435563296
64.9,0.0538,243.0,314036,2016-05-31 14:35:00,0,66.02343566088392,0.0514344010702288
65.9,0.0507,236.0,314036,2016-05-31 14:40:00,0,66.00492031175133,0.05132424090969448
67.2,0.0551,262.0,314036,2016-05-31 14:45:00,0,66.18418226498864,0.051890604773240305
66.6,0.0499,225.0,314036,2016-05-31 14:50:00,0,66.24655492524033,0.051592014057254255
66.1,0.0512,230.0,314036,2016-05-31 14:55:00,0,66.22457168645428,0.05153321194866611
65.6,0.0597,278.0,314036,2016-05-31 15:00:00,0,66.13088593348614,0.052758230156366194
64.9,0.0648,298.0,314036,2016-05-31 15:05:00,0,65.94625304346322,0.05456449563291126
63.5,0.0732,322.0,314036,2016-05-31 15:10:00,0,65.57931508694374,0.057359821287974566
62.3,0.0731,320.0,314036,2016-05-31 15:15:00,0,65.08741782390217,0.05972084809477837
62.7,0.0707,318.0,314036,2016-05-31 15:20:00,0,64.72930515031685,0.06136772088056161
62.3,0.0722,320.0,314036,2016-05-31 15:25:00,0,64.36490937776932,0.06299256274847737
60.9,0.081,346.0,314036,2016-05-31 15:30:00,0,63.84517297110392,0.06569367833620576
61.2,0.0809,355.0,314036,2016-05-31 15:35:00,0,63.44839702543833,0.0679746265857749
62.1,0.0794,358.0,314036,2016-05-31 15:40:00,0,63.24613747162258,0.06968843259790866
62.4,0.0876,392.0,314036,2016-05-31 15:45:00,0,63.11921685087919,0.07237516770822236
62.6,0.0909,410.0,314036,2016-05-31 15:50:00,0,63.04133432324731,0.075153892551989
63.1,0.0786,360.0,314036,2016-05-31 15:55:00,0,63.05013417476022,0.07567080866919064
62.6,0.0885,392.0,314036,2016-05-31 16:00:00,0,62.98261404854618,0.07759518736881203
62.6,0.0914,410.0,314036,2016-05-31 16:05:00,0,62.925221941264255,0.07966590926349022
61.3,0.0997,426.0,314036,2016-05-31 16:10:00,0,62.68143865007462,0.08267102287396669
59.5,0.1093,449.0,314036,2016-05-31 16:15:00,0,62.20422285256342,0.08666536944287168
60.8,0.0938,415.0,314036,2016-05-31 16:20:00,0,61.9935894246789,0.08773556402644092
60.4,0.1042,444.0,314036,2016-05-31 16:25:00,0,61.75455101097707,0.09020522942247478
59.6,0.0982,409.0,314036,2016-05-31 16:30:00,0,61.431368359330506,0.09140444500910355
61.3,0.0872,391.0,314036,2016-05-31 16:35:00,0,61.41166310543093,0.09077377825773801
55.8,0.11599999999999999,386.0,314036,2016-05-31 16:40:00,0,60.56991363961629,0.09455771151907731
57.4,0.1017,423.0,314036,2016-05-31 16:45:00,0,60.094426593673845,0.09562905479121572
57.4,0.0971,396.0,314036,2016-05-31 16:50:00,0,59.69026260462277,0.09584969657253335
56.3,0.1041,411.0,314036,2016-05-31 16:55:00,0,59.18172321392935,0.09708724208665336
53.2,0.11800000000000001,417.0,314036,2016-05-31 17:00:00,0,58.28446473183995,0.10022415577365534
57.5,0.0947,416.0,314036,2016-05-31 17:05:00,0,58.16679502206395,0.09939553240760704
59.1,0.0946,408.0,314036,2016-05-31 17:10:00,0,58.306775768754356,0.09867620254646597
60.1,0.092,397.0,314036,2016-05-31 17:15:00,0,58.575759403441204,0.09767477216449608
59.1,0.0942,389.0,314036,2016-05-31 17:20:00,0,58.654395492925026,0.09715355633982167
61.7,0.0818,377.0,314036,2016-05-31 17:25:00,0,59.111236168986274,0.09485052288884842
62.8,0.0735,335.0,314036,2016-05-31 17:30:00,0,59.66455074363833,0.09164794445552114
63.0,0.085,381.0,314036,2016-05-31 17:35:00,0,60.16486813209258,0.09065075278719296
63.0,0.0755,339.0,314036,2016-05-31 17:40:00,0,60.59013791227869,0.08837813986911403
63.9,0.0731,339.0,314036,2016-05-31 17:45:00,0,61.08661722543689,0.08608641888874692
62.7,0.0746,327.0,314036,2016-05-31 17:50:00,0,61.32862464162135,0.08436345605543488
62.4,0.0776,344.0,314036,2016-05-31 17:55:00,0,61.48933094537815,0.08334893764711965
63.1,0.0725,327.0,314036,2016-05-31 18:00:00,0,61.730931303571424,0.08172159700005169
64.4,0.0658,308.0,314036,2016-05-31 18:05:00,0,62.13129160803571,0.07933335745004394
65.6,0.0581,276.0,314036,2016-05-31 18:10:00,0,62.65159786683035,0.07614835383253735
65.8,0.0631,296.0,314036,2016-05-31 18:15:00,0,63.12385818680579,0.07419110075765674
65.8,0.0674,313.0,314036,2016-05-31 18:20:00,0,63.525279458784915,0.07317243564400822
66.4,0.0624,294.0,314036,2016-05-31 18:25:00,0,63.95648753996718,0.07155657029740697
66.7,0.06,283.0,314036,2016-05-31 18:30:00,0,64.3680144089721,0.06982308475279593
66.5,0.0529,247.0,314036,2016-05-31 18:35:00,0,64.68781224762628,0.06728462203987653
66.3,0.0486,224.0,314036,2016-05-31 18:40:00,0,64.92964041048234,0.06448192873389505
67.1,0.045,216.0,314036,2016-05-31 18:45:00,0,65.25519434890998,0.06155963942381079
66.9,0.0426,200.0,314036,2016-05-31 18:50:00,0,65.50191519657348,0.05871569351023917
67.7,0.0383,186.0,314036,2016-05-31 18:55:00,0,65.83162791708745,0.055653339483703296
68.5,0.0385,184.0,314036,2016-05-31 19:00:00,0,66.23188372952433,0.0530803385611478
68.3,0.0377,172.0,314036,2016-05-31 19:05:00,0,66.54210117009568,0.05077328777697563
68.7,0.0375,179.0,314036,2016-05-31 19:10:00,0,66.86578599458133,0.04878229461042928
68.7,0.0349,165.0,314036,2016-05-31 19:15:00,0,67.14091809539413,0.04669995041886489
69.7,0.0328,162.0,314036,2016-05-31 19:20:00,0,67.52478038108501,0.044614957856035156
70.2,0.0326,161.0,314036,2016-05-31 19:25:00,0,67.92606332392225,0.04281271417762988
70.7,0.0277,136.0,314036,2016-05-31 19:30:00,0,68.34215382533391,0.04054580705098539
69.9,0.0335,158.0,314036,2016-05-31 19:35:00,0,68.57583075153383,0.03948893599333758
70.2,0.0255,126.0,314036,2016-05-31 19:40:00,0,68.81945613880374,0.037390595594336946
68.1,0.0313,140.0,314036,2016-05-31 19:45:00,0,68.71153771798318,0.0364770062551864
69.4,0.0316,150.0,314036,2016-05-31 19:50:00,0,68.8148070602857,0.03574545531690844
68.7,0.024,112.0,314036,2016-05-31 19:55:00,0,68.79758600124285,0.033983637019372175
68.2,0.0341,155.0,314036,2016-05-31 20:00:00,0,68.70794810105642,0.03400109146646635
69.4,0.0253,123.0,314036,2016-05-31 20:05:00,0,68.81175588589795,0.03269592774649639
70.0,0.0311,154.0,314036,2016-05-31 20:10:00,0,68.98999250301326,0.03245653858452193
69.6,0.0277,133.0,314036,2016-05-31 20:15:00,0,69.08149362756127,0.03174305779684364
70.1,0.0316,153.0,314036,2016-05-31 20:20:00,0,69.23426958342708,0.03172159912731709
70.0,0.0262,124.0,314036,2016-05-31 20:25:00,0,69.34912914591303,0.030893359258219524
69.4,0.0246,117.0,314036,2016-05-31 20:30:00,0,69.35675977402607,0.029949355369486595
68.5,0.0248,112.0,314036,2016-05-31 20:35:00,0,69.22824580792216,0.029176952064063604
68.8,0.0227,109.0,314036,2016-05-31 20:40:00,0,69.16400893673384,0.028205409254454063
68.7,0.0212,103.0,314036,2016-05-31 20:45:00,0,69.09440759622376,0.027154597866285952
68.8,0.0228,107.0,314036,2016-05-31 20:50:00,0,69.05024645679019,0.026501408186343056
68.1,0.0226,104.0,314036,2016-05-31 20:55:00,0,68.90770948827166,0.025916196958391598
68.7,0.0214,104.0,314036,2016-05-31 21:00:00,0,68.87655306503092,0.025238767414632858
68.3,0.0245,111.0,314036,2016-05-31 21:05:00,0,68.79007010527629,0.02512795230243793
69.2,0.0232,109.0,314036,2016-05-31 21:10:00,0,68.85155958948484,0.02483875945707224
68.3,0.0246,113.0,314036,2016-05-31 21:15:00,0,68.76882565106212,0.024802945538511402
68.9,0.0222,103.0,314036,2016-05-31 21:20:00,0,68.7885018034028,0.024412503707734692
69.7,0.0236,114.0,314036,2016-05-31 21:25:00,0,68.92522653289238,0.02429062815157449
69.1,0.0237,110.0,314036,2016-05-31 21:30:00,0,68.95144255295853,0.024202033928838317
68.2,0.0233,106.0,314036,2016-05-31 21:35:00,0,68.83872617001475,0.02406672883951257
68.4,0.0238,109.0,314036,2016-05-31 21:40:00,0,68.77291724451254,0.024026719513585683
68.8,0.0174,77.0,314036,2016-05-31 21:45:00,0,68.77697965783565,0.023032711586547832
68.1,0.0213,97.0,314036,2016-05-31 21:50:00,0,68.6754327091603,0.022772804848565656
68.5,0.0173,83.0,314036,2016-05-31 21:55:00,0,68.64911780278626,0.021951884121280806
67.7,0.0188,81.0,314036,2016-05-31 22:00:00,0,68.50675013236832,0.021479101503088686
68.3,0.0178,84.0,314036,2016-05-31 22:05:00,0,68.47573761251307,0.020927236277625383
69.0,0.015,73.0,314036,2016-05-31 22:10:00,0,68.55437697063611,0.020038150835981573
68.1,0.0172,74.0,314036,2016-05-31 22:15:00,0,68.4862204250407,0.019612428210584336
67.7,0.0228,102.0,314036,2016-05-31 22:20:00,0,68.36828736128459,0.020090563978996685
68.0,0.0155,70.0,314036,2016-05-31 22:25:00,0,68.3130442570919,0.01940197938214718
68.7,0.0183,85.0,314036,2016-05-31 22:30:00,0,68.37108761852812,0.019236682474825104
69.1,0.0126,58.0,314036,2016-05-31 22:35:00,0,68.4804244757489,0.01824118010360134
68.5,0.016,73.0,314036,2016-05-31 22:40:00,0,68.48336080438656,0.017905003088061137
68.8,0.0143,68.0,314036,2016-05-31 22:45:00,0,68.53085668372857,0.017364252624851965
68.6,0.0174,80.0,314036,2016-05-31 22:50:00,0,68.54122818116929,0.01736961473112417
68.8,0.0099,47.0,314036,2016-05-31 22:55:00,0,68.5800439539939,0.016249172521455545
68.0,0.013999999999999999,61.0,314036,2016-05-31 23:00:00,0,68.4930373608948,0.015911796643237212
68.1,0.015,69.0,314036,2016-05-31 23:05:00,0,68.43408175676058,0.01577502714675163
69.0,0.0119,54.0,314036,2016-05-31 23:10:00,0,68.51896949324649,0.015193773074738884
68.6,0.0102,45.0,314036,2016-05-31 23:15:00,0,68.5311240692595,0.014444707113528051
68.1,0.0129,55.0,314036,2016-05-31 23:20:00,0,68.46645545887058,0.014213001046498842
68.6,0.0104,50.0,314036,2016-05-31 23:25:00,0,68.48648714004,0.013641050889524017
68.6,0.008,40.0,314036,2016-05-31 23:30:00,0,68.503514069034,0.012794893256095414
69.5,0.0095,44.0,314036,2016-05-31 23:35:00,0,68.6529869586789,0.012300659267681101
68.3,0.0096,43.0,314036,2016-05-31 23:40:00,0,68.60003891487706,0.011895560377528936
68.4,0.0076,37.0,314036,2016-05-31 23:45:00,0,68.5700330776455,0.011251226320899596
68.7,0.008,35.0,314036,2016-05-31 23:50:00,0,68.58952811599868,0.010763542372764657
68.9,0.0108,41.0,314036,2016-05-31 23:55:00,0,68.63609889859887,0.010769011016849957
68.6,0.0069,33.0,314036,2016-06-01 00:00:00,0,68.63068406380904,0.010188659364322464
68.9,0.0077,34.0,314036,2016-06-01 00:05:00,0,68.67108145423768,0.009815360459674094
68.1,0.0105,50.0,314036,2016-06-01 00:10:00,0,68.58541923610203,0.00991805639072298
67.6,0.0087,36.0,314036,2016-06-01 00:15:00,0,68.43760635068672,0.009735347932114533
68.4,0.0081,39.0,314036,2016-06-01 00:20:00,0,68.43196539808372,0.009490045742297355
68.5,0.008,32.0,314036,2016-06-01 00:25:00,0,68.44217058837116,0.009266538880952751
68.5,0.0054,27.0,314036,2016-06-01 00:30:00,0,68.45084500011548,0.008686558048809839
66.9,0.0043,18.0,314036,2016-06-01 00:35:00,0,68.21821825009816,0.008028574341488362
68.2,0.0043,22.0,314036,2016-06-01 00:40:00,0,68.21548551258344,0.007469288190265108
67.7,0.0086,32.0,314036,2016-06-01 00:45:00,0,68.13816268569592,0.007638894961725342
69.0,0.0023,11.0,314036,2016-06-01 00:50:00,0,68.26743828284152,0.00683806071746654
68.8,0.0056,27.0,314036,2016-06-01 00:55:00,0,68.34732254041529,0.006652351609846559
68.3,0.0029,14.0,314036,2016-06-01 01:00:00,0,68.340224159353,0.006089498868369575
67.7,0.0076,27.0,314036,2016-06-01 01:05:00,0,68.24419053545004,0.006316074038114138
67.3,0.0053,23.0,314036,2016-06-01 01:10:00,0,68.10256195513253,0.006163662932397017
67.6,0.0057,21.0,314036,2016-06-01 01:15:00,0,68.02717766186265,0.006094113492537464
66.5,0.0056,17.0,314036,2016-06-01 01:20:00,0,67.79810101258325,0.006019996468656844
67.6,0.0064,30.0,314036,2016-06-01 01:25:00,0,67.76838586069576,0.006076996998358317
65.6,0.0051,16.0,314036,2016-06-01 01:30:00,0,67.44312798159139,0.0059304474486045694
68.5,0.0039,17.0,314036,2016-06-01 01:35:00,0,67.60165878435268,0.005625880331313883
67.8,0.0026,10.0,314036,2016-06-01 01:40:00,0,67.63140996669978,0.005171998281616801
68.0,0.0036,14.0,314036,2016-06-01 01:45:00,0,67.68669847169481,0.004936198539374281
67.8,0.0052,20.0,314036,2016-06-01 01:50:00,0,67.70369370094059,0.004975768758468138
66.7,0.0048,19.0,314036,2016-06-01 01:55:00,0,67.5531396457995,0.004949403444697918
68.7,0.0019,8.0,314036,2016-06-01 02:00:00,0,67.72516869892958,0.00449199292799323
68.2,0.0044,19.0,314036,2016-06-01 02:05:00,0,67.79639339409015,0.004478193988794245
66.5,0.0008,4.0,314036,2016-06-01 02:10:00,0,67.60193438497662,0.003926464890475109
66.7,0.0033,12.0,314036,2016-06-01 02:15:00,0,67.46664422723012,0.0038324951569038423
68.5,0.0033,11.0,314036,2016-06-01 02:20:00,0,67.6216475931456,0.0037526208833682656
67.0,0.0027,13.0,314036,2016-06-01 02:25:00,0,67.52840045417375,0.0035947277508630257
67.1,0.0032,11.0,314036,2016-06-01 02:30:00,0,67.46414038604769,0.0035355185882335717
70.2,0.0024,12.0,314036,2016-06-01 02:35:00,0,67.87451932814054,0.003365190799998536
64.8,0.0032,10.0,314036,2016-06-01 02:40:00,0,67.41334142891945,0.0033404121799987556
68.4,0.003,15.0,314036,2016-06-01 02:45:00,0,67.56134021458153,0.003289350352998942
67.9,0.0042,20.0,314036,2016-06-01 02:50:00,0,67.6121391823943,0.0034259478000491007
68.3,0.0015,6.0,314036,2016-06-01 02:55:00,0,67.71531830503515,0.0031370556300417355
68.2,0.0029,12.0,314036,2016-06-01 03:00:00,0,67.78802055927989,0.003101497285535475
68.4,0.0035,17.0,314036,2016-06-01 03:05:00,0,67.87981747538791,0.0031612726927051533
70.2,0.0023,11.0,314036,2016-06-01 03:10:00,0,68.22784485407972,0.0030320817887993803
67.3,0.0048,16.0,314036,2016-06-01 03:15:00,0,68.08866812596776,0.003297269520479473
67.3,0.0031,10.0,314036,2016-06-01 03:20:00,0,67.97036790707259,0.0032676790924075524
67.6,0.0042,12.0,314036,2016-06-01 03:25:00,0,67.9148127210117,0.0034075272285464192
67.6,0.0052,22.0,314036,2016-06-01 03:30:00,0,67.86759081285994,0.0036763981442644563
66.5,0.0064,23.0,314036,2016-06-01 03:35:00,0,67.66245219093095,0.004084938422624788
68.8,0.0053,23.0,314036,2016-06-01 03:40:00,0,67.8330843622913,0.004267197659231069
67.9,0.0051,27.0,314036,2016-06-01 03:45:00,0,67.8431217079476,0.004392118010346409
67.6,0.0065,25.0,314036,2016-06-01 03:50:00,0,67.80665345175545,0.004708300308794448
67.3,0.0055,21.0,314036,2016-06-01 03:55:00,0,67.73065543399213,0.0048270552624752805
67.7,0.0056,22.0,314036,2016-06-01 04:00:00,0,67.72605711889331,0.004942996973103988
66.5,0.0039,16.0,314036,2016-06-01 04:05:00,0,67.54214855105931,0.004786547427138389
68.0,0.0048,18.0,314036,2016-06-01 04:10:00,0,67.61082626840042,0.004788565313067631
68.2,0.0038,16.0,314036,2016-06-01 04:15:00,0,67.69920232814036,0.004640280516107486
68.0,0.0076,27.0,314036,2016-06-01 04:20:00,0,67.7443219789193,0.005084238438691362
66.3,0.0118,39.0,314036,2016-06-01 04:25:00,0,67.5276736820814,0.006091602672887658
67.8,0.0074,35.0,314036,2016-06-01 04:30:00,0,67.56852262976919,0.006287862271954508
68.4,0.008,39.0,314036,2016-06-01 04:35:00,0,67.69324423530381,0.006544682931161332
68.7,0.0135,62.0,314036,2016-06-01 04:40:00,0,67.84425760000823,0.007587980491487132
69.8,0.0118,58.0,314036,2016-06-01 04:45:00,0,68.13761896000699,0.00821978341776406
69.5,0.0128,63.0,314036,2016-06-01 04:50:00,0,68.34197611600594,0.008906815905099452
67.1,0.0166,58.0,314036,2016-06-01 04:55:00,0,68.15567969860504,0.010060793519334534
68.2,0.0099,47.0,314036,2016-06-01 05:00:00,0,68.16232774381429,0.010036674491434354
68.5,0.0132,59.0,314036,2016-06-01 05:05:00,0,68.21297858224214,0.0105111733177192
68.1,0.0194,76.0,314036,2016-06-01 05:10:00,0,68.19603179490582,0.01184449732006132
68.8,0.0189,88.0,314036,2016-06-01 05:15:00,0,68.28662702566994,0.01290282272205212
68.8,0.0242,104.0,314036,2016-06-01 05:20:00,0,68.36363297181944,0.014597399313744302
67.8,0.0278,113.0,314036,2016-06-01 05:25:00,0,68.27908802604652,0.016577789416682656
69.1,0.0272,121.0,314036,2016-06-01 05:30:00,0,68.40222482213954,0.018171121004180255
69.1,0.0329,150.0,314036,2016-06-01 05:35:00,0,68.50689109881861,0.020380452853553215
67.8,0.0363,158.0,314036,2016-06-01 05:40:00,0,68.40085743399582,0.02276838492552023
68.6,0.0377,172.0,314036,2016-06-01 05:45:00,0,68.43072881889645,0.025008127186692194
68.8,0.0337,153.0,314036,2016-06-01 05:50:00,0,68.48611949606199,0.026311908108688366
65.8,0.0344,135.0,314036,2016-06-01 05:55:00,0,68.0832015716527,0.02752512189238511
67.8,0.0318,142.0,314036,2016-06-01 06:00:00,0,68.04072133590479,0.02816635360852734
66.2,0.0433,179.0,314036,2016-06-01 06:05:00,0,67.76461313551907,0.03043640056724824
68.2,0.0367,166.0,314036,2016-06-01 06:10:00,0,67.82992116519121,0.031375940482161004
67.9,0.0394,171.0,314036,2016-06-01 06:15:00,0,67.84043299041252,0.03257954940983685
66.7,0.0474,198.0,314036,2016-06-01 06:20:00,0,67.66936804185065,0.034802616998361326
66.7,0.0495,207.0,314036,2016-06-01 06:25:00,0,67.52396283557304,0.03700722444860712
66.1,0.0576,241.0,314036,2016-06-01 06:30:00,0,67.31036841023709,0.040096140781316056
66.7,0.0695,304.0,314036,2016-06-01 06:35:00,0,67.21881314870153,0.04450671966411865
67.2,0.0674,303.0,314036,2016-06-01 06:40:00,0,67.2159911763963,0.04794071171450085
66.1,0.0698,297.0,314036,2016-06-01 06:45:00,0,67.04859249993686,0.05121960495732572
66.1,0.0634,268.0,314036,2016-06-01 06:50:00,0,66.90630362494633,0.053046664213726856
65.8,0.065,271.0,314036,2016-06-01 06:55:00,0,66.74035808120438,0.05483966458166783
65.8,0.0592,257.0,314036,2016-06-01 07:00:00,0,66.59930436902371,0.05549371489441765
66.0,0.0571,248.0,314036,2016-06-01 07:05:00,0,66.50940871367015,0.055734657660254996
65.3,0.0589,251.0,314036,2016-06-01 07:10:00,0,66.32799740661963,0.05620945901121674
64.9,0.0739,314.0,314036,2016-06-01 07:15:00,0,66.11379779562668,0.058863040159534225
64.4,0.0747,322.0,314036,2016-06-01 07:20:00,0,65.85672812628268,0.06123858413560409
63.3,0.0711,294.0,314036,2016-06-01 07:25:00,0,65.47321890734027,0.06271779651526348
64.2,0.0713,319.0,314036,2016-06-01 07:30:00,0,65.28223607123923,0.06400512703797395
63.7,0.0814,342.0,314036,2016-06-01 07:35:00,0,65.04490066055334,0.06661435798227786
64.3,0.0725,321.0,314036,2016-06-01 07:40:00,0,64.93316556147033,0.06749720428493618
64.5,0.0733,333.0,314036,2016-06-01 07:45:00,0,64.86819072724978,0.06836762364219574
63.9,0.0726,310.0,314036,2016-06-01 07:50:00,0,64.72296211816231,0.06900248009586638
64.8,0.0666,296.0,314036,2016-06-01 07:55:00,0,64.73451780043797,0.06864210808148642
65.0,0.0574,250.0,314036,2016-06-01 08:00:00,0,64.77434013037228,0.06695579186926345
65.7,0.0659,294.0,314036,2016-06-01 08:05:00,0,64.91318911081643,0.06679742308887393
64.7,0.0713,303.0,314036,2016-06-01 08:10:00,0,64.88121074419396,0.06747280962554283
65.8,0.0605,278.0,314036,2016-06-01 08:15:00,0,65.01902913256487,0.06642688818171141
65.7,0.0673,298.0,314036,2016-06-01 08:20:00,0,65.12117476268014,0.06655785495445471
65.4,0.0657,287.0,314036,2016-06-01 08:25:00,0,65.16299854827811,0.0664291767112865
65.9,0.063,283.0,314036,2016-06-01 08:30:00,0,65.2735487660364,0.06591480020459352
65.0,0.0682,293.0,314036,2016-06-01 08:35:00,0,65.23251645113093,0.06625758017390448
65.1,0.0651,289.0,314036,2016-06-01 08:40:00,0,65.21263898346129,0.0660839431478188
63.8,0.0672,282.0,314036,2016-06-01 08:45:00,0,65.00074313594209,0.06625135167564598
64.2,0.0632,277.0,314036,2016-06-01 08:50:00,0,64.88063166555077,0.06579364892429908
63.1,0.0672,275.0,314036,2016-06-01 08:55:00,0,64.61353691571814,0.06600460158565422
63.4,0.0503,213.0,314036,2016-06-01 09:00:00,0,64.43150637836042,0.06364891134780608
66.1,0.0457,210.0,314036,2016-06-01 09:05:00,0,64.68178042160636,0.06095657464563516
57.3,0.0818,216.0,314036,2016-06-01 09:10:00,0,63.57451335836541,0.06408308844878989
63.2,0.0485,220.0,314036,2016-06-01 09:15:00,0,63.5183363546106,0.061745625181471406
62.7,0.0632,247.0,314036,2016-06-01 09:20:00,0,63.395585901419004,0.0619637814042507
64.2,0.0505,219.0,314036,2016-06-01 09:25:00,0,63.516248016206156,0.06024421419361309
64.9,0.0494,216.0,314036,2016-06-01 09:30:00,0,63.72381081377523,0.05861758206457112
64.5,0.0574,240.0,314036,2016-06-01 09:35:00,0,63.84023919170894,0.05843494475488545
64.4,0.0506,217.0,314036,2016-06-01 09:40:00,0,63.9242033129526,0.05725970304165263
64.7,0.0484,210.0,314036,2016-06-01 09:45:00,0,64.04057281600971,0.05593074758540473
64.2,0.0481,205.0,314036,2016-06-01 09:50:00,0,64.06448689360825,0.054756135447594015
62.8,0.0474,193.0,314036,2016-06-01 09:55:00,0,63.87481385956701,0.05365271513045491
66.1,0.0427,184.0,314036,2016-06-01 10:00:00,0,64.20859178063196,0.05200980786088667
66.4,0.0434,177.0,314036,2016-06-01 10:05:00,0,64.53730301353717,0.05071833668175367
66.0,0.0494,197.0,314036,2016-06-01 10:10:00,0,64.75670756150659,0.050520586179490616
68.1,0.0369,162.0,314036,2016-06-01 10:15:00,0,65.2582014272806,0.048477498252567024
69.7,0.0408,184.0,314036,2016-06-01 10:20:00,0,65.92447121318851,0.04732587351468197
67.9,0.0433,175.0,314036,2016-06-01 10:25:00,0,66.22080053121023,0.04672199248747967
69.1,0.0385,169.0,314036,2016-06-01 10:30:00,0,66.6526804515287,0.04548869361435772
67.9,0.0428,172.0,314036,2016-06-01 10:35:00,0,66.83977838379938,0.045085389572204065
68.1,0.0472,199.0,314036,2016-06-01 10:40:00,0,67.02881162622947,0.04540258113637345
69.6,0.0447,199.0,314036,2016-06-01 10:45:00,0,67.41448988229504,0.04529719396591743
68.5,0.0449,185.0,314036,2016-06-01 10:50:00,0,67.57731639995079,0.04523761487102981
68.8,0.0446,190.0,314036,2016-06-01 10:55:00,0,67.76071893995817,0.04514197264037534
69.9,0.039,176.0,314036,2016-06-01 11:00:00,0,68.08161109896444,0.04422067674431904
69.2,0.0461,191.0,314036,2016-06-01 11:05:00,0,68.24936943411977,0.04450257523267118
67.7,0.0425,175.0,314036,2016-06-01 11:10:00,0,68.1669640190018,0.0442021889477705
67.5,0.0512,212.0,314036,2016-06-01 11:15:00,0,68.06691941615153,0.04525186060560492
68.4,0.0406,175.0,314036,2016-06-01 11:20:00,0,68.1168815037288,0.04455408151476418
67.9,0.0461,192.0,314036,2016-06-01 11:25:00,0,68.08434927816948,0.04478596928754955
68.2,0.0422,180.0,314036,2016-06-01 11:30:00,0,68.10169688644406,0.04439807389441712
65.8,0.0513,196.0,314036,2016-06-01 11:35:00,0,67.75644235347745,0.04543336281025455
67.5,0.039,167.0,314036,2016-06-01 11:40:00,0,67.71797600045583,0.044468358388716364
67.9,0.0479,204.0,314036,2016-06-01 11:45:00,0,67.74527960038746,0.04498310463040891
67.8,0.0469,192.0,314036,2016-06-01 11:50:00,0,67.75348766032934,0.04527063893584757
69.1,0.0434,191.0,314036,2016-06-01 11:55:00,0,67.95546451127994,0.04499004309547043
69.0,0.040999999999999995,181.0,314036,2016-06-01 12:00:00,0,68.11214483458795,0.044391536631149864
67.9,0.0445,185.0,314036,2016-06-01 12:05:00,0,68.08032310939976,0.044407806136477386
68.0,0.0451,194.0,314036,2016-06-01 12:10:00,0,68.06827464298979,0.04451163521600578
68.0,0.0485,207.0,314036,2016-06-01 12:15:00,0,68.05803344654132,0.045109889933604916
70.1,0.0429,197.0,314036,2016-06-01 12:20:00,0,68.36432842956012,0.04477840644356418
68.7,0.0522,221.0,314036,2016-06-01 12:25:00,0,68.4146791651261,0.04589164547702955
69.8,0.0438,201.0,314036,2016-06-01 12:30:00,0,68.62247729035718,0.04557789865547512
69.7,0.0463,208.0,314036,2016-06-01 12:35:00,0,68.7841056968036,0.04568621385715385
68.1,0.0478,202.0,314036,2016-06-01 12:40:00,0,68.68148984228307,0.046003281778580776
69.8,0.0399,187.0,314036,2016-06-01 12:45:00,0,68.84926636594061,0.04508778951179366
69.9,0.0483,213.0,314036,2016-06-01 12:50:00,0,69.00687641104952,0.04556962108502461
69.1,0.0476,200.0,314036,2016-06-01 12:55:00,0,69.02084494939209,0.04587417792227092
68.6,0.0384,169.0,314036,2016-06-01 13:00:00,0,68.95771820698327,0.04475305123393029
68.8,0.0419,196.0,314036,2016-06-01 13:05:00,0,68.93406047593578,0.04432509354884074
68.3,0.0404,180.0,314036,2016-06-01 13:10:00,0,68.83895140454541,0.04373632951651463
68.1,0.0482,218.0,314036,2016-06-01 13:15:00,0,68.7281086938636,0.04440588008903743
67.8,0.0446,199.0,314036,2016-06-01 13:20:00,0,68.58889238978406,0.04443499807568182
65.9,0.0479,201.0,314036,2016-06-01 13:25:00,0,68.18555853131646,0.04495474836432954
67.6,0.0451,207.0,314036,2016-06-01 13:30:00,0,68.09772475161898,0.04497653610968011
68.6,0.0475,220.0,314036,2016-06-01 13:35:00,0,68.17306603887613,0.04535505569322809
67.6,0.0433,189.0,314036,2016-06-01 13:40:00,0,68.0871061330447,0.045046797339243876
67.3,0.0436,193.0,314036,2016-06-01 13:45:00,0,67.969040213088,0.04482977773835729
66.8,0.0443,198.0,314036,2016-06-01 13:50:00,0,67.79368418112479,0.044750311077603695
65.2,0.0509,207.0,314036,2016-06-01 13:55:00,0,67.40463155395607,0.045672764415963144
64.8,0.0448,192.0,314036,2016-06-01 14:00:00,0,67.01393682086265,0.04554184975356867
64.7,0.0473,208.0,314036,2016-06-01 14:05:00,0,66.66684629773326,0.045805572290533364
67.8,0.0442,214.0,314036,2016-06-01 14:10:00,0,66.83681935307327,0.04556473644695336
65.2,0.0555,236.0,314036,2016-06-01 14:15:00,0,66.59129645011227,0.047055025979910355
65.0,0.0525,232.0,314036,2016-06-01 14:20:00,0,66.35260198259542,0.0478717720829238
65.5,0.0539,243.0,314036,2016-06-01 14:25:00,0,66.2247116852061,0.04877600627048523
65.4,0.0462,206.0,314036,2016-06-01 14:30:00,0,66.10100493242518,0.04838960532991244
66.4,0.0492,232.0,314036,2016-06-01 14:35:00,0,66.14585419256142,0.04851116453042557
66.4,0.0563,258.0,314036,2016-06-01 14:40:00,0,66.18397606367719,0.04967948985086173
64.8,0.0563,243.0,314036,2016-06-01 14:45:00,0,65.97637965412561,0.05067256637323247
65.2,0.0536,242.0,314036,2016-06-01 14:50:00,0,65.85992270600676,0.0511116814172476
65.6,0.0579,264.0,314036,2016-06-01 14:55:00,0,65.82093430010575,0.052129929204660454
64.2,0.0561,249.0,314036,2016-06-01 15:00:00,0,65.57779415508988,0.052725439823961384
64.5,0.061,282.0,314036,2016-06-01 15:05:00,0,65.4161250318264,0.05396662385036717
63.8,0.0652,290.0,314036,2016-06-01 15:10:00,0,65.17370627705243,0.05565163027281209
63.4,0.0722,328.0,314036,2016-06-01 15:15:00,0,64.90765033549457,0.058133885731890274
62.4,0.0875,384.0,314036,2016-06-01 15:20:00,0,64.53150278517037,0.06253880287210674
61.6,0.0813,354.0,314036,2016-06-01 15:25:00,0,64.09177736739481,0.06535298244129073
63.0,0.0738,340.0,314036,2016-06-01 15:30:00,0,63.92801076228558,0.06662003507509712
63.1,0.0826,373.0,314036,2016-06-01 15:35:00,0,63.803809147942744,0.06901702981383255
62.6,0.087,387.0,314036,2016-06-01 15:40:00,0,63.623237775751335,0.07171447534175766
62.0,0.0919,403.0,314036,2016-06-01 15:45:00,0,63.37975210938863,0.074742304040494
62.0,0.0971,430.0,314036,2016-06-01 15:50:00,0,63.17278929298033,0.0780959584344199
62.3,0.078,351.0,314036,2016-06-01 15:55:00,0,63.04187089903328,0.0780815646692569
63.1,0.0841,384.0,314036,2016-06-01 16:00:00,0,63.05059026417828,0.07898432996886837
62.5,0.0947,416.0,314036,2016-06-01 16:05:00,0,62.96800172455154,0.08134168047353811
62.4,0.0866,387.0,314036,2016-06-01 16:10:00,0,62.88280146586881,0.0821304284025074
60.5,0.0998,415.0,314036,2016-06-01 16:15:00,0,62.525381245988484,0.08478086414213128
60.3,0.0968,413.0,314036,2016-06-01 16:20:00,0,62.191574059090215,0.08658373452081158
59.3,0.1009,417.0,314036,2016-06-01 16:25:00,0,61.75783795022669,0.08873117434268984
54.6,0.1255,444.0,314036,2016-06-01 16:30:00,0,60.684162257692684,0.09424649819128636
46.8,0.1595,430.0,314036,2016-06-01 16:35:00,0,58.601537919038776,0.10403452346259341
47.4,0.1328,452.0,314036,2016-06-01 16:40:00,0,56.92130723118296,0.10834934494320439
53.9,0.0991,421.0,314036,2016-06-01 16:45:00,0,56.468111146505514,0.10696194320172374
57.6,0.0995,435.0,314036,2016-06-01 16:50:00,0,56.63789447452969,0.10584265172146518
60.3,0.0881,395.0,314036,2016-06-01 16:55:00,0,57.187210303350234,0.1031812539632454
62.8,0.0802,372.0,314036,2016-06-01 17:00:00,0,58.0291287578477,0.09973406586875859
62.5,0.0876,388.0,314036,2016-06-01 17:05:00,0,58.699759444170546,0.0979139559884448
62.8,0.084,376.0,314036,2016-06-01 17:10:00,0,59.314795527544966,0.09582686259017807
62.2,0.0945,411.0,314036,2016-06-01 17:15:00,0,59.74757619841322,0.09562783320165136
63.0,0.0727,329.0,314036,2016-06-01 17:20:00,0,60.23543976865123,0.09218865822140365
61.2,0.0856,363.0,314036,2016-06-01 17:25:00,0,60.38012380335355,0.0912003594881931
60.4,0.0906,386.0,314036,2016-06-01 17:30:00,0,60.38310523285051,0.09111030556496415
62.0,0.0731,333.0,314036,2016-06-01 17:35:00,0,60.62563944792293,0.08840875973021953
63.0,0.0706,319.0,314036,2016-06-01 17:40:00,0,60.98179353073449,0.0857374457706866
64.9,0.0713,339.0,314036,2016-06-01 17:45:00,0,61.56952450112432,0.08357182890508359
64.3,0.0731,331.0,314036,2016-06-01 17:50:00,0,61.97909582595567,0.08200105456932105
62.2,0.0861,366.0,314036,2016-06-01 17:55:00,0,62.012231452062316,0.08261589638392289
62.6,0.0717,321.0,314036,2016-06-01 18:00:00,0,62.10039673425297,0.08097851192633446
63.0,0.0703,317.0,314036,2016-06-01 18:05:00,0,62.235337224115014,0.07937673513738429
64.5,0.0625,294.0,314036,2016-06-01 18:10:00,0,62.57503664049776,0.07684522486677664
65.4,0.069,323.0,314036,2016-06-01 18:15:00,0,62.99878114442309,0.07566844113676013
64.6,0.067,307.0,314036,2016-06-01 18:20:00,0,63.23896397275963,0.07436817496624612
64.9,0.0666,310.0,314036,2016-06-01 18:25:00,0,63.48811937684568,0.0732029487213092
65.0,0.063,289.0,314036,2016-06-01 18:30:00,0,63.71490147031883,0.07167250641311282
65.3,0.0533,247.0,314036,2016-06-01 18:35:00,0,63.952666249771006,0.06891663045114589
66.3,0.0493,235.0,314036,2016-06-01 18:40:00,0,64.30476631230535,0.065974135883474
66.9,0.048,231.0,314036,2016-06-01 18:45:00,0,64.69405136545954,0.06327801550095291
66.7,0.0461,217.0,314036,2016-06-01 18:50:00,0,64.99494366064062,0.06070131317580997
67.1,0.0442,212.0,314036,2016-06-01 18:55:00,0,65.31070211154453,0.058226116199438474
67.4,0.0409,189.0,314036,2016-06-01 19:00:00,0,65.62409679481286,0.055627198769522705
68.2,0.0398,186.0,314036,2016-06-01 19:05:00,0,66.01048227559093,0.0532531189540943
68.9,0.0397,189.0,314036,2016-06-01 19:10:00,0,66.44390993425229,0.051220151110980154
69.0,0.0394,188.0,314036,2016-06-01 19:15:00,0,66.82732344411444,0.049447128444333126
68.9,0.0412,196.0,314036,2016-06-01 19:20:00,0,67.13822492749728,0.04821005917768315
68.6,0.0365,170.0,314036,2016-06-01 19:25:00,0,67.35749118837268,0.046453550301030676
69.2,0.032,156.0,314036,2016-06-01 19:30:00,0,67.63386751011677,0.044285517755876073
68.6,0.0358,166.0,314036,2016-06-01 19:35:00,0,67.77878738359925,0.043012690092494664
68.6,0.0347,162.0,314036,2016-06-01 19:40:00,0,67.90196927605936,0.04176578657862046
68.5,0.0326,147.0,314036,2016-06-01 19:45:00,0,67.99167388465045,0.04039091859182739
69.3,0.0283,139.0,314036,2016-06-01 19:50:00,0,68.18792280195288,0.03857728080305328
69.1,0.0296,140.0,314036,2016-06-01 19:55:00,0,68.32473438165995,0.03723068868259529
68.7,0.0315,146.0,314036,2016-06-01 20:00:00,0,68.38102422441096,0.036371085380205996
69.6,0.0276,137.0,314036,2016-06-01 20:05:00,0,68.56387059074932,0.035055422573175093
69.2,0.0305,141.0,314036,2016-06-01 20:10:00,0,68.65929000213691,0.03437210918719883
69.8,0.0351,170.0,314036,2016-06-01 20:15:00,0,68.83039650181638,0.034481292809119005
69.7,0.0323,157.0,314036,2016-06-01 20:20:00,0,68.96083702654393,0.03415409888775115
69.5,0.0339,162.0,314036,2016-06-01 20:25:00,0,69.04171147256234,0.03411598405458848
69.3,0.032,150.0,314036,2016-06-01 20:30:00,0,69.08045475167799,0.03379858644640021
68.7,0.0264,122.0,314036,2016-06-01 20:35:00,0,69.02338653892629,0.03268879847944017
68.8,0.0289,131.0,314036,2016-06-01 20:40:00,0,68.98987855808734,0.032120478707524144
62.9,0.0607,136.0,314036,2016-06-01 20:45:00,0,68.07639677437423,0.03640740690139552
65.5,0.0328,151.0,314036,2016-06-01 20:50:00,0,67.6899372582181,0.035866295866186185
67.0,0.0254,122.0,314036,2016-06-01 20:55:00,0,67.58644666948538,0.03429635148625826
67.6,0.0303,136.0,314036,2016-06-01 21:00:00,0,67.58847966906256,0.033696898763319515
67.6,0.0272,127.0,314036,2016-06-01 21:05:00,0,67.59020771870317,0.03272236394882159
68.5,0.0249,116.0,314036,2016-06-01 21:10:00,0,67.7266765608977,0.03154900935649835
68.9,0.0281,137.0,314036,2016-06-01 21:15:00,0,67.90267507676305,0.031031657953023595
62.9,0.0487,135.0,314036,2016-06-01 21:20:00,0,67.15227381524859,0.03368190926007006
68.8,0.025,119.0,314036,2016-06-01 21:25:00,0,67.3994327429613,0.03237962287105955
67.6,0.0289,131.0,314036,2016-06-01 21:30:00,0,67.4295178315171,0.03185767944040061
67.7,0.0203,94.0,314036,2016-06-01 21:35:00,0,67.47009015678954,0.030124027524340517
68.6,0.0241,114.0,314036,2016-06-01 21:40:00,0,67.6395766332711,0.02922042339568944
69.0,0.0238,113.0,314036,2016-06-01 21:45:00,0,67.84364013828043,0.028407359886336022
68.1,0.0253,112.0,314036,2016-06-01 21:50:00,0,67.88209411753837,0.027941255903385618
68.2,0.0187,87.0,314036,2016-06-01 21:55:00,0,67.92977999990761,0.026555067517877777
68.6,0.0203,96.0,314036,2016-06-01 22:00:00,0,68.03031299992146,0.02561680739019611
67.9,0.0207,95.0,314036,2016-06-01 22:05:00,0,68.01076604993324,0.024879286281666694
68.6,0.0217,103.0,314036,2016-06-01 22:10:00,0,68.09915114244325,0.02440239333941669
68.9,0.0185,90.0,314036,2016-06-01 22:15:00,0,68.21927847107676,0.023517034338504186
68.7,0.0224,104.0,314036,2016-06-01 22:20:00,0,68.29138670041525,0.023349479187728554
69.3,0.0169,81.0,314036,2016-06-01 22:25:00,0,68.44267869535295,0.02238205730956927
69.3,0.0207,100.0,314036,2016-06-01 22:30:00,0,68.57127689105,0.02212974871313388
68.6,0.0163,76.0,314036,2016-06-01 22:35:00,0,68.5755853573925,0.021255286406163795
69.4,0.0185,90.0,314036,2016-06-01 22:40:00,0,68.69924755378362,0.020841993445239224
69.7,0.015,73.0,314036,2016-06-01 22:45:00,0,68.84936042071608,0.019965694428453338
68.3,0.0185,84.0,314036,2016-06-01 22:50:00,0,68.76695635760866,0.019745840264185337
68.5,0.0152,67.0,314036,2016-06-01 22:55:00,0,68.72691290396736,0.01906396422455754
68.0,0.0115,50.0,314036,2016-06-01 23:00:00,0,68.61787596837226,0.01792936959087391
68.5,0.015,73.0,314036,2016-06-01 23:05:00,0,68.60019457311643,0.017489964152242823
69.2,0.0118,55.0,314036,2016-06-01 23:10:00,0,68.69016538714897,0.016636469529406398
68.2,0.0095,45.0,314036,2016-06-01 23:15:00,0,68.61664057907662,0.015565999099995438
68.4,0.0131,61.0,314036,2016-06-01 23:20:00,0,68.58414449221512,0.015196099234996121
69.2,0.0138,63.0,314036,2016-06-01 23:25:00,0,68.67652281838285,0.014986684349746704
67.8,0.0115,51.0,314036,2016-06-01 23:30:00,0,68.54504439562542,0.014463681697284698
67.3,0.0093,43.0,314036,2016-06-01 23:35:00,0,68.35828773628161,0.013689129442691994
68.8,0.0101,47.0,314036,2016-06-01 23:40:00,0,68.42454457583936,0.013150760026288195
68.2,0.0071,33.0,314036,2016-06-01 23:45:00,0,68.39086288946346,0.012243146022344966
70.8,0.0077,40.0,314036,2016-06-01 23:50:00,0,68.75223345604394,0.01156167411899322
69.0,0.0078,39.0,314036,2016-06-01 23:55:00,0,68.78939843763735,0.010997423001144237
69.9,0.0183,90.0,314036,2016-06-02 00:00:00,0,68.95598867199175,0.0120928095509726
68.2,0.0086,38.0,314036,2016-06-02 00:05:00,0,68.84259037119298,0.011568888118326709
68.6,0.0075,37.0,314036,2016-06-02 00:10:00,0,68.80620181551404,0.010958554900577702
69.6,0.005,23.0,314036,2016-06-02 00:15:00,0,68.92527154318694,0.010064771665491046
65.9,0.0038,16.0,314036,2016-06-02 00:20:00,0,68.4714808117089,0.009125055915667389
69.0,0.0089,44.0,314036,2016-06-02 00:25:00,0,68.55075868995256,0.00909129752831728
69.1,0.0063,32.0,314036,2016-06-02 00:30:00,0,68.63314488645968,0.008672602899069688
68.3,0.005,25.0,314036,2016-06-02 00:35:00,0,68.58317315349072,0.008121712464209235
68.6,0.0057,24.0,314036,2016-06-02 00:40:00,0,68.58569718046711,0.00775845559457785
65.1,0.0083,30.0,314036,2016-06-02 00:45:00,0,68.06284260339703,0.007839687255391171
67.1,0.0059,26.0,314036,2016-06-02 00:50:00,0,67.91841621288748,0.007548734167082495
68.4,0.0061,27.0,314036,2016-06-02 00:55:00,0,67.99065378095436,0.0073314240420201205
68.4,0.0062,24.0,314036,2016-06-02 01:00:00,0,68.0520557138112,0.007161710435717102
69.5,0.0037,20.0,314036,2016-06-02 01:05:00,0,68.26924735673951,0.006642453870359537
68.2,0.0037,19.0,314036,2016-06-02 01:10:00,0,68.25886025322859,0.006201085789805606
70.8,0.0033,20.0,314036,2016-06-02 01:15:00,0,68.6400312152443,0.005765922921334764
68.1,0.0,0.0,314036,2016-06-02 01:20:00,0,68.55902653295766,0.004901034483134549
67.5,0.0032,15.0,314036,2016-06-02 01:25:00,0,68.40017255301402,0.004645879310664367
67.3,0.005,20.0,314036,2016-06-02 01:30:00,0,68.23514667006191,0.004698997414064711
67.4,0.0046,18.0,314036,2016-06-02 01:35:00,0,68.10987466955262,0.004684147801955004
67.1,0.0053,20.0,314036,2016-06-02 01:40:00,0,67.95839346911973,0.004776525631661753
67.1,0.0038,14.0,314036,2016-06-02 01:45:00,0,67.82963444875176,0.00463004678691249
67.7,0.0032,13.0,314036,2016-06-02 01:50:00,0,67.810189281439,0.004415539768875616
68.1,0.004,13.0,314036,2016-06-02 01:55:00,0,67.85366088922315,0.0043532088035442736
68.2,0.0029,14.0,314036,2016-06-02 02:00:00,0,67.90561175583967,0.0041352274830126325
63.1,0.0017,7.0,314036,2016-06-02 02:05:00,0,67.18476999246371,0.0037699433605607375
68.1,0.004,14.0,314036,2016-06-02 02:10:00,0,67.32205449359415,0.0038044518564766265
66.7,0.0052,16.0,314036,2016-06-02 02:15:00,0,67.22874631955503,0.004013784078005132
67.7,0.0,0.0,314036,2016-06-02 02:20:00,0,67.29943437162177,0.0034117164663043623
67.6,0.004,20.0,314036,2016-06-02 02:25:00,0,67.3445192158785,0.003499958996358708
63.0,0.0013,5.0,314036,2016-06-02 02:30:00,0,66.69284133349673,0.0031699651469049013
65.7,0.0052,16.0,314036,2016-06-02 02:35:00,0,66.54391513347223,0.003474470374869166
67.2,0.0044,17.0,314036,2016-06-02 02:40:00,0,66.64232786345138,0.003613299818638791
66.9,0.0027,9.0,314036,2016-06-02 02:45:00,0,66.68097868393367,0.003476304845842972
65.9,0.0054,16.0,314036,2016-06-02 02:50:00,0,66.56383188134362,0.003764859118966526
66.7,0.0022,10.0,314036,2016-06-02 02:55:00,0,66.58425709914208,0.003530130251121547
69.6,0.0032,12.0,314036,2016-06-02 03:00:00,0,67.03661853427077,0.003480610713453315
69.4,0.0023,10.0,314036,2016-06-02 03:05:00,0,67.39112575413016,0.0033035191064353176
67.3,0.0028,12.0,314036,2016-06-02 03:10:00,0,67.37745689101064,0.0032279912404700197
66.4,0.0013,6.0,314036,2016-06-02 03:15:00,0,67.23083835735903,0.0029387925543995167
66.9,0.0036,14.0,314036,2016-06-02 03:20:00,0,67.18121260375517,0.0030379736712395893
67.3,0.0045,15.0,314036,2016-06-02 03:25:00,0,67.19903071319189,0.003257277620553651
67.7,0.0056,24.0,314036,2016-06-02 03:30:00,0,67.2741761062131,0.003608685977470603
67.9,0.0042,14.0,314036,2016-06-02 03:35:00,0,67.36804969028114,0.0036973830808500123
68.4,0.0075,37.0,314036,2016-06-02 03:40:00,0,67.52284223673897,0.00426777561872251
67.7,0.0022,12.0,314036,2016-06-02 03:45:00,0,67.54941590122812,0.003957609275914134
68.5,0.0058,28.0,314036,2016-06-02 03:50:00,0,67.6920035160439,0.004233967884527014
65.7,0.009000000000000001,26.0,314036,2016-06-02 03:55:00,0,67.39320298863731,0.004948872701847962
67.4,0.0045,15.0,314036,2016-06-02 04:00:00,0,67.39422254034172,0.004881541796570767
69.4,0.005,19.0,314036,2016-06-02 04:05:00,0,67.69508915929046,0.004899310527085152
68.0,0.0036,13.0,314036,2016-06-02 04:10:00,0,67.7408257853969,0.004704413948022379
67.4,0.0038,16.0,314036,2016-06-02 04:15:00,0,67.68970191758736,0.004568751855819022
68.1,0.0104,34.0,314036,2016-06-02 04:20:00,0,67.75124662994925,0.005443439077446168
66.5,0.0069,28.0,314036,2016-06-02 04:25:00,0,67.56355963545685,0.005661923215829243
67.0,0.0093,33.0,314036,2016-06-02 04:30:00,0,67.47902569013833,0.006207634733454856
68.6,0.0104,53.0,314036,2016-06-02 04:35:00,0,67.64717183661757,0.006836489523436627
70.3,0.0047,20.0,314036,2016-06-02 04:40:00,0,68.04509606112494,0.006516016094921133
67.8,0.0195,80.0,314036,2016-06-02 04:45:00,0,68.0083316519562,0.008463613680682963
68.3,0.0161,65.0,314036,2016-06-02 04:50:00,0,68.05208190416276,0.009609071628580518
67.9,0.0126,51.0,314036,2016-06-02 04:55:00,0,68.02926961853835,0.01005771088429344
68.9,0.0121,52.0,314036,2016-06-02 05:00:00,0,68.1598791757576,0.010364054251649425
68.0,0.0124,47.0,314036,2016-06-02 05:05:00,0,68.13589729939396,0.010669446113902012
64.5,0.0272,90.0,314036,2016-06-02 05:10:00,0,67.59051270448487,0.013149029196816708
68.1,0.0197,95.0,314036,2016-06-02 05:15:00,0,67.66693579881213,0.014131674817294201
68.7,0.0253,108.0,314036,2016-06-02 05:20:00,0,67.8218954289903,0.01580692359470007
68.9,0.0247,114.0,314036,2016-06-02 05:25:00,0,67.98361111464175,0.01714088505549506
70.6,0.038,180.0,314036,2016-06-02 05:30:00,0,68.37606944744549,0.0202697522971708
68.8,0.0301,131.0,314036,2016-06-02 05:35:00,0,68.43965903032866,0.021744289452595177
69.8,0.0342,162.0,314036,2016-06-02 05:40:00,0,68.64371017577935,0.0236126460347059
70.3,0.0399,184.0,314036,2016-06-02 05:45:00,0,68.89215364941244,0.026055749129500014
68.4,0.0407,173.0,314036,2016-06-02 05:50:00,0,68.81833060200057,0.02825238676007501
67.1,0.0333,125.0,314036,2016-06-02 05:55:00,0,68.56058101170049,0.02900952874606376
67.8,0.0311,130.0,314036,2016-06-02 06:00:00,0,68.44649385994542,0.029323099434154194
67.7,0.0335,145.0,314036,2016-06-02 06:05:00,0,68.3345197809536,0.029949634519031064
67.6,0.0379,158.0,314036,2016-06-02 06:10:00,0,68.22434181381055,0.031142189341176404
68.1,0.0369,163.0,314036,2016-06-02 06:15:00,0,68.20569054173897,0.03200586093999994
68.6,0.0469,211.0,314036,2016-06-02 06:20:00,0,68.26483696047814,0.03423998179899995
66.2,0.0515,211.0,314036,2016-06-02 06:25:00,0,67.95511141640641,0.036828984529149955
66.6,0.0543,235.0,314036,2016-06-02 06:30:00,0,67.75184470394545,0.03944963684977746
69.0,0.066,300.0,314036,2016-06-02 06:35:00,0,67.93906799835364,0.04343219132231084
67.8,0.0673,290.0,314036,2016-06-02 06:40:00,0,67.91820779860059,0.047012362623964216
65.8,0.0702,294.0,314036,2016-06-02 06:45:00,0,67.6004766288105,0.05049050823036958
65.9,0.0623,278.0,314036,2016-06-02 06:50:00,0,67.34540513448893,0.052261931995814144
64.1,0.0617,230.0,314036,2016-06-02 06:55:00,0,66.85859436431558,0.05367764219644202
64.4,0.055999999999999994,233.0,314036,2016-06-02 07:00:00,0,66.48980520966823,0.054025995866975714
64.1,0.0629,267.0,314036,2016-06-02 07:05:00,0,66.131334428218,0.05535709648692935
63.5,0.0777,320.0,314036,2016-06-02 07:10:00,0,65.7366342639853,0.058708532013889946
65.0,0.0619,278.0,314036,2016-06-02 07:15:00,0,65.62613912438749,0.05918725221180646
65.6,0.0654,282.0,314036,2016-06-02 07:20:00,0,65.62221825572936,0.060119164380035485
64.6,0.0677,285.0,314036,2016-06-02 07:25:00,0,65.46888551736996,0.061256289723030155
63.9,0.0845,355.0,314036,2016-06-02 07:30:00,0,65.23355268976445,0.06474284626457563
64.1,0.078,338.0,314036,2016-06-02 07:35:00,0,65.06351978629978,0.06673141932488928
64.5,0.0746,329.0,314036,2016-06-02 07:40:00,0,64.97899181835481,0.06791170642615589
65.3,0.0717,310.0,314036,2016-06-02 07:45:00,0,65.02714304560159,0.0684799504622325
67.3,0.0647,306.0,314036,2016-06-02 07:50:00,0,65.36807158876135,0.06791295789289761
66.0,0.0598,256.0,314036,2016-06-02 07:55:00,0,65.46286085044716,0.06669601420896297
67.0,0.0463,220.0,314036,2016-06-02 08:00:00,0,65.69343172288008,0.06363661207761853
65.1,0.078,333.0,314036,2016-06-02 08:05:00,0,65.60441696444806,0.06579112026597575
62.3,0.0855,355.0,314036,2016-06-02 08:10:00,0,65.10875441978085,0.06874745222607939
63.8,0.0677,300.0,314036,2016-06-02 08:15:00,0,64.91244125681372,0.06859033439216748
65.6,0.0598,265.0,314036,2016-06-02 08:20:00,0,65.01557506829167,0.06727178423334235
65.0,0.0659,288.0,314036,2016-06-02 08:25:00,0,65.01323880804792,0.067066016598341
64.4,0.0717,295.0,314036,2016-06-02 08:30:00,0,64.92125298684073,0.06776111410858984
64.3,0.0648,286.0,314036,2016-06-02 08:35:00,0,64.82806503881461,0.06731694699230137
67.8,0.0623,280.0,314036,2016-06-02 08:40:00,0,65.27385528299241,0.06656440494345617
66.6,0.0736,330.0,314036,2016-06-02 08:45:00,0,65.47277699054355,0.06761974420193774
64.8,0.0596,243.0,314036,2016-06-02 08:50:00,0,65.37186044196201,0.06641678257164707
64.5,0.0637,271.0,314036,2016-06-02 08:55:00,0,65.2410813756677,0.0660092651859
63.6,0.0553,233.0,314036,2016-06-02 09:00:00,0,64.99491916931754,0.064402875408015
62.7,0.0535,212.0,314036,2016-06-02 09:05:00,0,64.6506812939199,0.06276744409681274
63.2,0.057,245.0,314036,2016-06-02 09:10:00,0,64.43307909983191,0.06190232748229083
55.0,0.0808,217.0,314036,2016-06-02 09:15:00,0,63.01811723485712,0.06473697835994721
59.0,0.0565,231.0,314036,2016-06-02 09:20:00,0,62.415399649628554,0.06350143160595513
62.3,0.049,214.0,314036,2016-06-02 09:25:00,0,62.39808970218427,0.06132621686506186
62.9,0.0503,215.0,314036,2016-06-02 09:30:00,0,62.47337624685663,0.05967228433530258
64.4,0.055999999999999994,248.0,314036,2016-06-02 09:35:00,0,62.76236980982813,0.059121441685007194
65.7,0.0372,167.0,314036,2016-06-02 09:40:00,0,63.20301433835391,0.05583322543225611
65.1,0.0617,266.0,314036,2016-06-02 09:45:00,0,63.48756218760082,0.05671324161741769
64.2,0.0538,226.0,314036,2016-06-02 09:50:00,0,63.5944278594607,0.05627625537480504
64.2,0.0428,186.0,314036,2016-06-02 09:55:00,0,63.685263680541595,0.05425481706858428
66.7,0.0373,162.0,314036,2016-06-02 10:00:00,0,64.13747412846035,0.05171159450829664
66.4,0.0447,186.0,314036,2016-06-02 10:05:00,0,64.4768530091913,0.05065985533205214
66.8,0.0453,190.0,314036,2016-06-02 10:10:00,0,64.8253250578126,0.04985587703224432
68.3,0.0392,176.0,314036,2016-06-02 10:15:00,0,65.34652629914072,0.048257495477407666
67.0,0.0517,213.0,314036,2016-06-02 10:20:00,0,65.59454735426961,0.04877387115579651
66.8,0.0421,176.0,314036,2016-06-02 10:25:00,0,65.77536525112916,0.04777279048242703
67.7,0.0468,203.0,314036,2016-06-02 10:30:00,0,66.06406046345978,0.04762687191006297
66.7,0.0495,201.0,314036,2016-06-02 10:35:00,0,66.15945139394081,0.04790784112355353
68.5,0.0454,200.0,314036,2016-06-02 10:40:00,0,66.51053368484969,0.047531664955020494
66.8,0.0508,205.0,314036,2016-06-02 10:45:00,0,66.55395363212223,0.04802191521176742
66.9,0.0385,162.0,314036,2016-06-02 10:50:00,0,66.6058605873039,0.04659362793000231
66.7,0.0429,176.0,314036,2016-06-02 10:55:00,0,66.61998149920831,0.04603958374050196
67.9,0.0419,186.0,314036,2016-06-02 11:00:00,0,66.81198427432706,0.04541864617942666
67.2,0.0478,205.0,314036,2016-06-02 11:05:00,0,66.870186633178,0.045775849252512664
67.8,0.0416,177.0,314036,2016-06-02 11:10:00,0,67.00965863820129,0.04514947186463577
68.4,0.0457,199.0,314036,2016-06-02 11:15:00,0,67.2182098424711,0.045232051084940404
68.0,0.0423,174.0,314036,2016-06-02 11:20:00,0,67.33547836610043,0.04479224342219934
66.6,0.0531,216.0,314036,2016-06-02 11:25:00,0,67.22515661118537,0.046038406908869435
67.7,0.043,187.0,314036,2016-06-02 11:30:00,0,67.29638311950755,0.04558264587253902
68.1,0.0482,208.0,314036,2016-06-02 11:35:00,0,67.41692565158142,0.04597524899165816
68.5,0.0445,194.0,314036,2016-06-02 11:40:00,0,67.57938680384422,0.04575396164290944
67.8,0.0487,201.0,314036,2016-06-02 11:45:00,0,67.61247878326758,0.04619586739647302
68.3,0.052000000000000005,223.0,314036,2016-06-02 11:50:00,0,67.71560696577744,0.04706648728700207
69.0,0.0471,207.0,314036,2016-06-02 11:55:00,0,67.90826592091082,0.04707151419395176
69.9,0.042,191.0,314036,2016-06-02 12:00:00,0,68.2070260327742,0.04631078706485899
67.5,0.0471,193.0,314036,2016-06-02 12:05:00,0,68.10097212785806,0.046429169005130146
67.4,0.0428,180.0,314036,2016-06-02 12:10:00,0,67.99582630867936,0.04588479365436063
68.6,0.0479,208.0,314036,2016-06-02 12:15:00,0,68.08645236237746,0.04618707460620653
67.5,0.0448,185.0,314036,2016-06-02 12:20:00,0,67.99848450802084,0.04597901341527555
69.4,0.0432,197.0,314036,2016-06-02 12:25:00,0,68.20871183181771,0.04556216140298421
69.3,0.0476,208.0,314036,2016-06-02 12:30:00,0,68.37240505704506,0.04586783719253658
69.1,0.047,208.0,314036,2016-06-02 12:35:00,0,68.4815442984883,0.04603766161365609
68.4,0.0511,218.0,314036,2016-06-02 12:40:00,0,68.46931265371505,0.046797012371607674
69.4,0.0451,202.0,314036,2016-06-02 12:45:00,0,68.60891575565779,0.046542460515866524
69.2,0.0447,195.0,314036,2016-06-02 12:50:00,0,68.69757839230913,0.04626609143848655
68.3,0.0481,202.0,314036,2016-06-02 12:55:00,0,68.63794163346276,0.046541177722713566
66.2,0.0462,198.0,314036,2016-06-02 13:00:00,0,68.27225038844335,0.04649000106430653
66.0,0.0455,202.0,314036,2016-06-02 13:05:00,0,67.93141283017685,0.04634150090466055
65.3,0.0455,199.0,314036,2016-06-02 13:10:00,0,67.53670090565032,0.046215275768961464
65.5,0.0457,202.0,314036,2016-06-02 13:15:00,0,67.23119576980277,0.046137984403617244
63.9,0.0536,222.0,314036,2016-06-02 13:20:00,0,66.73151640433235,0.04725728674307465
64.7,0.047,205.0,314036,2016-06-02 13:25:00,0,66.4267889436825,0.047218693731613456
64.7,0.0462,202.0,314036,2016-06-02 13:30:00,0,66.16777060213012,0.04706588967187143
65.6,0.0507,228.0,314036,2016-06-02 13:35:00,0,66.0826050118106,0.04761100622109072
64.6,0.0509,213.0,314036,2016-06-02 13:40:00,0,65.86021426003902,0.048104355287927114
65.3,0.0528,233.0,314036,2016-06-02 13:45:00,0,65.77618212103316,0.04880870199473805
65.3,0.0431,195.0,314036,2016-06-02 13:50:00,0,65.70475480287818,0.04795239669552734
64.1,0.0493,209.0,314036,2016-06-02 13:55:00,0,65.46404158244646,0.048154537191198235
64.6,0.047,210.0,314036,2016-06-02 14:00:00,0,65.33443534507948,0.0479813566125185
64.5,0.0481,213.0,314036,2016-06-02 14:05:00,0,65.20927004331756,0.04799915312064072
65.1,0.0447,204.0,314036,2016-06-02 14:10:00,0,65.19287953681992,0.04750428015254461
63.4,0.0573,239.0,314036,2016-06-02 14:15:00,0,64.92394760629693,0.04897363812966292
65.5,0.0426,198.0,314036,2016-06-02 14:20:00,0,65.01035546535239,0.04801759241021348
64.3,0.0537,234.0,314036,2016-06-02 14:25:00,0,64.90380214554953,0.048869953548681455
63.7,0.0594,257.0,314036,2016-06-02 14:30:00,0,64.7232318237171,0.05044946051637924
64.1,0.0565,251.0,314036,2016-06-02 14:35:00,0,64.62974705015954,0.05135704143892235
64.5,0.0563,255.0,314036,2016-06-02 14:40:00,0,64.6102849926356,0.052098485223083996
65.3,0.0591,269.0,314036,2016-06-02 14:45:00,0,64.71374224374026,0.053148712439621396
65.3,0.0558,251.0,314036,2016-06-02 14:50:00,0,64.80168090717922,0.05354640557367819
65.6,0.0584,268.0,314036,2016-06-02 14:55:00,0,64.92142877110233,0.05427444473762645
65.1,0.0524,246.0,314036,2016-06-02 15:00:00,0,64.94821445543697,0.053993278026982484
63.5,0.0661,293.0,314036,2016-06-02 15:05:00,0,64.73098228712142,0.05580928632293511
62.1,0.07200000000000001,314.0,314036,2016-06-02 15:10:00,0,64.3363349440532,0.05823789337449484
62.1,0.0682,304.0,314036,2016-06-02 15:15:00,0,64.00088470244522,0.059732209368320605
61.2,0.0766,331.0,314036,2016-06-02 15:20:00,0,63.58075199707844,0.06226237796307251
62.1,0.0663,300.0,314036,2016-06-02 15:25:00,0,63.358639197516666,0.06286802126861163
60.8,0.0831,354.0,314036,2016-06-02 15:30:00,0,62.97484331788916,0.06590281807831988
60.6,0.0853,367.0,314036,2016-06-02 15:35:00,0,62.61861682020579,0.0688123953665719
60.7,0.0911,397.0,314036,2016-06-02 15:40:00,0,62.330824297174914,0.0721555360615861
60.8,0.0881,389.0,314036,2016-06-02 15:45:00,0,62.10120065259867,0.07454720565234818
60.4,0.0894,387.0,314036,2016-06-02 15:50:00,0,61.84602055470887,0.07677512480449594
60.4,0.0924,402.0,314036,2016-06-02 15:55:00,0,61.62911747150254,0.07911885608382155
61.5,0.0737,332.0,314036,2016-06-02 16:00:00,0,61.609749850777156,0.07830602767124831
61.3,0.0931,410.0,314036,2016-06-02 16:05:00,0,61.563287373160584,0.08052512352056107
55.6,0.1235,416.0,314036,2016-06-02 16:10:00,0,60.6687942671865,0.0869713549924769
58.2,0.0872,381.0,314036,2016-06-02 16:15:00,0,60.29847512710852,0.08700565174360536
59.3,0.0945,412.0,314036,2016-06-02 16:20:00,0,60.14870385804224,0.08812980398206455
58.1,0.1063,430.0,314036,2016-06-02 16:25:00,0,59.841398279335905,0.09085533338475486
45.5,0.1803,376.0,314036,2016-06-02 16:30:00,0,57.690188537435525,0.10427203337704163
44.7,0.1158,367.0,314036,2016-06-02 16:35:00,0,55.74166025682019,0.10600122837048538
43.0,0.1424,407.0,314036,2016-06-02 16:40:00,0,53.830411218297165,0.11146104411491257
35.1,0.1972,368.0,314036,2016-06-02 16:45:00,0,51.02084953555259,0.12432188749767568
27.3,0.2663,359.0,314036,2016-06-02 16:50:00,0,47.462722105219704,0.14561860437302432
22.3,0.2769,336.0,314036,2016-06-02 16:55:00,0,43.68831378943675,0.16531081371707065
21.5,0.258,371.0,314036,2016-06-02 17:00:00,0,40.360066721021234,0.17921419165951002
26.5,0.1728,386.0,314036,2016-06-02 17:05:00,0,38.28105671286805,0.17825206291058351
24.2,0.2273,349.0,314036,2016-06-02 17:10:00,0,36.16889820593784,0.18560925347399598
25.4,0.2124,396.0,314036,2016-06-02 17:15:00,0,34.55356347504716,0.1896278654528966
27.3,0.1766,365.0,314036,2016-06-02 17:20:00,0,33.46552895379009,0.18767368563496212
38.1,0.1095,381.0,314036,2016-06-02 17:25:00,0,34.16069961072158,0.17594763278971778
42.0,0.1234,399.0,314036,2016-06-02 17:30:00,0,35.33659466911334,0.1680654878712601
41.0,0.1471,413.0,314036,2016-06-02 17:35:00,0,36.18610546874634,0.1649206646905711
29.1,0.2911,296.0,314036,2016-06-02 17:40:00,0,35.12318964843439,0.18384756498698543
28.6,0.1743,348.0,314036,2016-06-02 17:45:00,0,34.14471120116923,0.1824154302389376
45.4,0.0633,285.0,314036,2016-06-02 17:50:00,0,35.833004520993846,0.16454811570309696
54.5,0.0699,318.0,314036,2016-06-02 17:55:00,0,38.63305384284477,0.1503508983476324
58.4,0.0661,295.0,314036,2016-06-02 18:00:00,0,41.59809576641805,0.13771326359548755
61.6,0.0689,321.0,314036,2016-06-02 18:05:00,0,44.59838140145534,0.1273912740561644
62.6,0.0647,295.0,314036,2016-06-02 18:10:00,0,47.29862419123704,0.11798758294773973
61.3,0.0796,342.0,314036,2016-06-02 18:15:00,0,49.39883056255148,0.11222944550557877
62.8,0.0627,289.0,314036,2016-06-02 18:20:00,0,51.40900597816876,0.10480002867974195
63.8,0.0678,312.0,314036,2016-06-02 18:25:00,0,53.26765508144344,0.09925002437778065
64.9,0.0666,312.0,314036,2016-06-02 18:30:00,0,55.01250681922693,0.09435252072111354
64.8,0.0581,267.0,314036,2016-06-02 18:35:00,0,56.480630796342886,0.0889146426129465
66.7,0.0451,220.0,314036,2016-06-02 18:40:00,0,58.013536176891456,0.08234244622100453
66.9,0.053,252.0,314036,2016-06-02 18:45:00,0,59.346505750357736,0.07794107928785385
66.6,0.0523,247.0,314036,2016-06-02 18:50:00,0,60.434529887804075,0.07409491739467577
66.8,0.0385,184.0,314036,2016-06-02 18:55:00,0,61.38935040463346,0.06875567978547441
67.7,0.0417,196.0,314036,2016-06-02 19:00:00,0,62.33594784393844,0.06469732781765325
68.8,0.0371,177.0,314036,2016-06-02 19:05:00,0,63.305555667347676,0.06055772864500526
67.9,0.047,212.0,314036,2016-06-02 19:10:00,0,63.994722317245525,0.05852406934825447
68.9,0.0362,173.0,314036,2016-06-02 19:15:00,0,64.73051396965869,0.0551754589460163
67.9,0.0396,180.0,314036,2016-06-02 19:20:00,0,65.20593687420988,0.05283914010411385
68.8,0.0355,172.0,314036,2016-06-02 19:25:00,0,65.7450463430784,0.05023826908849677
68.9,0.034,161.0,314036,2016-06-02 19:30:00,0,66.21828939161664,0.047802528725222254
68.0,0.0396,180.0,314036,2016-06-02 19:35:00,0,66.48554598287414,0.04657214941643892
68.8,0.0321,154.0,314036,2016-06-02 19:40:00,0,66.83271408544302,0.044401327003973076
69.6,0.0289,140.0,314036,2016-06-02 19:45:00,0,67.24780697262656,0.04207612795337711
69.0,0.0321,152.0,314036,2016-06-02 19:50:00,0,67.51063592673258,0.04057970876037054
68.3,0.0312,141.0,314036,2016-06-02 19:55:00,0,67.62904053772269,0.039172752446314955
67.9,0.0307,136.0,314036,2016-06-02 20:00:00,0,67.66968445706428,0.037901839579367706
68.8,0.039,186.0,314036,2016-06-02 20:05:00,0,67.83923178850463,0.03806656364246255
69.5,0.0324,153.0,314036,2016-06-02 20:10:00,0,68.08834702022894,0.037216579096093175
69.6,0.03,142.0,314036,2016-06-02 20:15:00,0,68.3150949671946,0.036134092231679196
69.3,0.0298,139.0,314036,2016-06-02 20:20:00,0,68.4628307221154,0.035183978396927315
67.7,0.0364,160.0,314036,2016-06-02 20:25:00,0,68.34840611379809,0.03536638163738822
67.2,0.0323,142.0,314036,2016-06-02 20:30:00,0,68.17614519672838,0.03490642439177999
66.9,0.0307,133.0,314036,2016-06-02 20:35:00,0,67.98472341721913,0.03427546073301299
67.7,0.025,117.0,314036,2016-06-02 20:40:00,0,67.94201490463625,0.03288414162306104
68.5,0.027999999999999997,133.0,314036,2016-06-02 20:45:00,0,68.02571266894081,0.03215152037960188
68.6,0.0273,129.0,314036,2016-06-02 20:50:00,0,68.1118557685997,0.0314237923226616
68.4,0.0282,130.0,314036,2016-06-02 20:55:00,0,68.15507740330975,0.030940223474262354
69.1,0.0267,131.0,314036,2016-06-02 21:00:00,0,68.29681579281328,0.030304189953123
67.6,0.0278,121.0,314036,2016-06-02 21:05:00,0,68.19229342389129,0.02992856146015455
67.5,0.0277,124.0,314036,2016-06-02 21:10:00,0,68.08844941030759,0.029594277241131364
67.1,0.0299,132.0,314036,2016-06-02 21:15:00,0,67.94018199876145,0.02964013565496166
67.1,0.0303,134.0,314036,2016-06-02 21:20:00,0,67.81415469894723,0.029739115306717412
68.1,0.0274,128.0,314036,2016-06-02 21:25:00,0,67.85703149410514,0.0293882480107098
67.8,0.0241,107.0,314036,2016-06-02 21:30:00,0,67.84847676998938,0.02859501080910333
68.1,0.0273,128.0,314036,2016-06-02 21:35:00,0,67.88620525449096,0.02840075918773783
68.6,0.0219,101.0,314036,2016-06-02 21:40:00,0,67.99327446631732,0.027425645309577154
68.7,0.0212,99.0,314036,2016-06-02 21:45:00,0,68.09928329636972,0.02649179851314058
67.7,0.0257,110.0,314036,2016-06-02 21:50:00,0,68.03939080191425,0.026373028736169493
68.7,0.0211,99.0,314036,2016-06-02 21:55:00,0,68.13848218162711,0.025582074425744068
68.8,0.0227,105.0,314036,2016-06-02 22:00:00,0,68.23770985438304,0.02514976326188246
68.4,0.0214,97.0,314036,2016-06-02 22:05:00,0,68.26205337622558,0.024587298772600092
67.5,0.0226,97.0,314036,2016-06-02 22:10:00,0,68.14774536979175,0.024289203956710078
68.2,0.0148,67.0,314036,2016-06-02 22:15:00,0,68.15558356432298,0.022865823363203565
68.5,0.0206,99.0,314036,2016-06-02 22:20:00,0,68.20724602967454,0.02252594985872303
68.5,0.0167,80.0,314036,2016-06-02 22:25:00,0,68.25115912522335,0.021652057379914574
69.2,0.0181,87.0,314036,2016-06-02 22:30:00,0,68.39348525643985,0.021119248772927385
68.2,0.0207,91.0,314036,2016-06-02 22:35:00,0,68.36446246797387,0.021056361456988276
67.9,0.0189,83.0,314036,2016-06-02 22:40:00,0,68.29479309777778,0.020732907238440033
68.4,0.0184,82.0,314036,2016-06-02 22:45:00,0,68.31057413311112,0.020382971152674026
68.3,0.0159,73.0,314036,2016-06-02 22:50:00,0,68.30898801314444,0.019710525479772922
68.4,0.0156,71.0,314036,2016-06-02 22:55:00,0,68.32263981117278,0.019093946657806983
69.0,0.0174,84.0,314036,2016-06-02 23:00:00,0,68.42424383949685,0.018839854659135936
68.9,0.0145,70.0,314036,2016-06-02 23:05:00,0,68.49560726357232,0.018188876460265544
69.1,0.0132,63.0,314036,2016-06-02 23:10:00,0,68.58626617403647,0.01744054499122571
69.4,0.0137,63.0,314036,2016-06-02 23:15:00,0,68.708326247931,0.016879463242541855
69.4,0.0114,55.0,314036,2016-06-02 23:20:00,0,68.81207731074134,0.016057543756160576
67.7,0.0159,67.0,314036,2016-06-02 23:25:00,0,68.64526571413013,0.01603391219273649
69.1,0.01,49.0,314036,2016-06-02 23:30:00,0,68.71347585701061,0.015128825363826016
69.2,0.009000000000000001,43.0,314036,2016-06-02 23:35:00,0,68.786454478459,0.014209501559252114
68.9,0.0109,49.0,314036,2016-06-02 23:40:00,0,68.80348630669016,0.013713076325364296
68.9,0.0109,47.0,314036,2016-06-02 23:45:00,0,68.81796336068663,0.013291114876559651
69.7,0.0126,65.0,314036,2016-06-02 23:50:00,0,68.95026885658363,0.013187447645075703
67.9,0.0125,52.0,314036,2016-06-02 23:55:00,0,68.79272852809609,0.013084330498314346
68.2,0.0093,45.0,314036,2016-06-03 00:00:00,0,68.70381924888167,0.012516680923567194
68.6,0.0094,42.0,314036,2016-06-03 00:05:00,0,68.68824636154942,0.012049178785032115
68.4,0.0094,42.0,314036,2016-06-03 00:10:00,0,68.645009407317,0.011651801967277296
68.8,0.0086,38.0,314036,2016-06-03 00:15:00,0,68.66825799621945,0.011194031672185701
69.4,0.0075,32.0,314036,2016-06-03 00:20:00,0,68.77801929678654,0.010639926921357845
68.6,0.0067,26.0,314036,2016-06-03 00:25:00,0,68.75131640226856,0.010048937883154169
68.2,0.0076,31.0,314036,2016-06-03 00:30:00,0,68.66861894192827,0.009681597200681043
67.3,0.0095,40.0,314036,2016-06-03 00:35:00,0,68.46332610063902,0.009654357620578886
68.8,0.0101,40.0,314036,2016-06-03 00:40:00,0,68.51382718554316,0.009721203977492054
68.0,0.0059,29.0,314036,2016-06-03 00:45:00,0,68.43675310771168,0.009148023380868247
69.0,0.009000000000000001,39.0,314036,2016-06-03 00:50:00,0,68.52124014155493,0.00912581987373801
68.8,0.0055,24.0,314036,2016-06-03 00:55:00,0,68.56305412032168,0.008581946892677307
67.9,0.0061,31.0,314036,2016-06-03 01:00:00,0,68.46359600227342,0.00820965485877571
67.6,0.0091,35.0,314036,2016-06-03 01:05:00,0,68.3340566019324,0.008343206629959354
68.5,0.0061,23.0,314036,2016-06-03 01:10:00,0,68.35894811164255,0.00800672563546545
68.2,0.0049,19.0,314036,2016-06-03 01:15:00,0,68.33510589489616,0.007540716790145632
67.0,0.0055,20.0,314036,2016-06-03 01:20:00,0,68.13484001066173,0.007234609271623787
68.4,0.0054,23.0,314036,2016-06-03 01:25:00,0,68.17461400906247,0.006959417880880219
67.4,0.0041,16.0,314036,2016-06-03 01:30:00,0,68.05842190770309,0.006530505198748186
69.4,0.0041,21.0,314036,2016-06-03 01:35:00,0,68.25965862154763,0.0061659294189359585
68.7,0.0057,24.0,314036,2016-06-03 01:40:00,0,68.32570982831548,0.006096040006095565
68.2,0.0058,26.0,314036,2016-06-03 01:45:00,0,68.30685335406815,0.00605163400518123
68.5,0.0029,17.0,314036,2016-06-03 01:50:00,0,68.33582535095793,0.0055788889044040444
68.3,0.0032,15.0,314036,2016-06-03 01:55:00,0,68.33045154831424,0.005222055568743438
67.8,0.0031,15.0,314036,2016-06-03 02:00:00,0,68.2508838160671,0.004903747233431923
66.4,0.0032,10.0,314036,2016-06-03 02:05:00,0,67.97325124365705,0.0046481851484171345
67.5,0.0035,17.0,314036,2016-06-03 02:10:00,0,67.90226355710848,0.004475957376154564
66.8,0.0058,19.0,314036,2016-06-03 02:15:00,0,67.73692402354222,0.004674563769731379
67.3,0.0064,22.0,314036,2016-06-03 02:20:00,0,67.67138542001088,0.0049333792042716715
67.0,0.0044,20.0,314036,2016-06-03 02:25:00,0,67.57067760700924,0.004853372323630921
67.4,0.0036,11.0,314036,2016-06-03 02:30:00,0,67.54507596595786,0.004665366475086282
67.6,0.0034,14.0,314036,2016-06-03 02:35:00,0,67.55331457106418,0.004475561503823339
69.0,0.0024,11.0,314036,2016-06-03 02:40:00,0,67.77031738540455,0.0041642272782498385
66.3,0.004,12.0,314036,2016-06-03 02:45:00,0,67.54976977759387,0.004139593186512362
68.9,0.002,10.0,314036,2016-06-03 02:50:00,0,67.75230431095478,0.0038186542085355078
69.4,0.003,14.0,314036,2016-06-03 02:55:00,0,67.99945866431156,0.0036958560772551814
68.5,0.0055,23.0,314036,2016-06-03 03:00:00,0,68.07453986466483,0.003966477665666904
68.3,0.0024,10.0,314036,2016-06-03 03:05:00,0,68.1083588849651,0.003731506015816868
67.7,0.0044,14.0,314036,2016-06-03 03:10:00,0,68.04710505222033,0.0038317801134443376
66.7,0.0038,13.0,314036,2016-06-03 03:15:00,0,67.84503929438728,0.003827013096427687
67.9,0.0032,10.0,314036,2016-06-03 03:20:00,0,67.85328340022919,0.0037329611319635338
68.9,0.005,25.0,314036,2016-06-03 03:25:00,0,68.01029089019481,0.003923016962169004
67.3,0.0039,19.0,314036,2016-06-03 03:30:00,0,67.90374725666558,0.003919564417843653
68.3,0.0079,34.0,314036,2016-06-03 03:35:00,0,67.96318516816575,0.004516629755167105
68.3,0.0056,26.0,314036,2016-06-03 03:40:00,0,68.01370739294089,0.004679135291892039
68.2,0.0087,34.0,314036,2016-06-03 03:45:00,0,68.04165128399976,0.005282264998108233
69.1,0.0046,20.0,314036,2016-06-03 03:50:00,0,68.20040359139979,0.005179925248391998
67.4,0.0075,20.0,314036,2016-06-03 03:55:00,0,68.08034305268983,0.005527936461133198
66.5,0.0069,26.0,314036,2016-06-03 04:00:00,0,67.84329159478635,0.005733745991963218
68.0,0.0028,13.0,314036,2016-06-03 04:05:00,0,67.8667978555684,0.005293684093168736
66.0,0.0039,14.0,314036,2016-06-03 04:10:00,0,67.58677817723313,0.005084631479193425
67.3,0.0028,12.0,314036,2016-06-03 04:15:00,0,67.54376145064816,0.004741936757314411
67.1,0.0076,25.0,314036,2016-06-03 04:20:00,0,67.47719723305094,0.005170646243717249
66.6,0.0076,32.0,314036,2016-06-03 04:25:00,0,67.3456176480933,0.005535049307159661
67.4,0.0094,39.0,314036,2016-06-03 04:30:00,0,67.3537750008793,0.006114791911085712
67.8,0.0089,37.0,314036,2016-06-03 04:35:00,0,67.4207087507474,0.006532573124422855
67.6,0.0154,61.0,314036,2016-06-03 04:40:00,0,67.44760243813528,0.007862687155759426
68.0,0.0167,71.0,314036,2016-06-03 04:45:00,0,67.53046207241498,0.009188284082395512
67.9,0.0142,62.0,314036,2016-06-03 04:50:00,0,67.58589276155273,0.009940041470036184
66.6,0.0161,57.0,314036,2016-06-03 04:55:00,0,67.43800884731982,0.010864035249530756
65.3,0.0137,43.0,314036,2016-06-03 05:00:00,0,67.11730752022184,0.011289429962101142
66.2,0.0155,57.0,314036,2016-06-03 05:05:00,0,66.97971139218856,0.01192101546778597
66.7,0.0198,80.0,314036,2016-06-03 05:10:00,0,66.93775468336028,0.013102863147618075
68.5,0.0197,87.0,314036,2016-06-03 05:15:00,0,67.17209148085624,0.014092433675475363
68.1,0.025,104.0,314036,2016-06-03 05:20:00,0,67.3112777587278,0.01572856862415406
68.3,0.0228,100.0,314036,2016-06-03 05:25:00,0,67.45958609491862,0.016789283330530952
68.1,0.0287,125.0,314036,2016-06-03 05:30:00,0,67.55564818068082,0.01857589083095131
66.8,0.0343,140.0,314036,2016-06-03 05:35:00,0,67.4423009535787,0.020934507206308614
67.5,0.0337,151.0,314036,2016-06-03 05:40:00,0,67.4509558105419,0.02284933112536232
68.5,0.0363,163.0,314036,2016-06-03 05:45:00,0,67.60831243896061,0.02486693145655797
67.1,0.0358,150.0,314036,2016-06-03 05:50:00,0,67.53206557311651,0.026506891738074273
65.9,0.0349,140.0,314036,2016-06-03 05:55:00,0,67.28725573714904,0.027765857977363133
66.8,0.032,137.0,314036,2016-06-03 06:00:00,0,67.21416737657668,0.028400979280758663
66.5,0.0344,145.0,314036,2016-06-03 06:05:00,0,67.10704227009018,0.029300832388644865
66.8,0.0337,142.0,314036,2016-06-03 06:10:00,0,67.06098592957665,0.029960707530348137
65.4,0.0379,150.0,314036,2016-06-03 06:15:00,0,66.81183804014015,0.031151601400795915
66.5,0.0411,180.0,314036,2016-06-03 06:20:00,0,66.76506233411912,0.032643861190676526
64.7,0.0542,211.0,314036,2016-06-03 06:25:00,0,66.45530298400125,0.035877282012075046
64.5,0.0581,243.0,314036,2016-06-03 06:30:00,0,66.16200753640106,0.039210689710263785
64.1,0.0627,263.0,314036,2016-06-03 06:35:00,0,65.8527064059409,0.04273408625372421
63.6,0.0624,261.0,314036,2016-06-03 06:40:00,0,65.51480044504976,0.04568397331566558
64.1,0.0751,319.0,314036,2016-06-03 06:45:00,0,65.30258037829229,0.05009637731831574
64.3,0.066,277.0,314036,2016-06-03 06:50:00,0,65.15219332154844,0.05248192072056838
63.6,0.057,229.0,314036,2016-06-03 06:55:00,0,64.91936432331616,0.05315963261248312
64.6,0.0485,217.0,314036,2016-06-03 07:00:00,0,64.87145967481874,0.052460687720610646
62.8,0.0606,241.0,314036,2016-06-03 07:05:00,0,64.56074072359593,0.05368158456251905
62.3,0.0655,266.0,314036,2016-06-03 07:10:00,0,64.22162961505654,0.05545434687814119
62.4,0.0715,299.0,314036,2016-06-03 07:15:00,0,63.94838517279806,0.05786119484642001
62.2,0.0681,280.0,314036,2016-06-03 07:20:00,0,63.68612739687835,0.05939701561945701
60.9,0.0782,313.0,314036,2016-06-03 07:25:00,0,63.268208287346596,0.06221746327653846
61.0,0.0824,339.0,314036,2016-06-03 07:30:00,0,62.92797704424461,0.06524484378505768
62.4,0.073,319.0,314036,2016-06-03 07:35:00,0,62.84878048760791,0.06640811721729903
63.4,0.0725,324.0,314036,2016-06-03 07:40:00,0,62.93146341446672,0.06732189963470417
63.9,0.0782,344.0,314036,2016-06-03 07:45:00,0,63.07674390229671,0.06895361468949854
63.0,0.066,279.0,314036,2016-06-03 07:50:00,0,63.065232316952205,0.06851057248607376
64.0,0.065,286.0,314036,2016-06-03 07:55:00,0,63.20544746940937,0.06798398661316268
63.9,0.0575,251.0,314036,2016-06-03 08:00:00,0,63.30963034899796,0.06641138862118828
63.4,0.0692,295.0,314036,2016-06-03 08:05:00,0,63.32318579664827,0.06682968032801004
63.8,0.0595,263.0,314036,2016-06-03 08:10:00,0,63.394707927151025,0.06573022827880853
62.7,0.0649,271.0,314036,2016-06-03 08:15:00,0,63.29050173807837,0.06560569403698725
63.6,0.0601,263.0,314036,2016-06-03 08:20:00,0,63.33692647736661,0.06477983993143917
63.2,0.0606,261.0,314036,2016-06-03 08:25:00,0,63.31638750576161,0.06415286394172329
64.1,0.0511,229.0,314036,2016-06-03 08:30:00,0,63.433929379897364,0.06219493435046479
64.4,0.0618,271.0,314036,2016-06-03 08:35:00,0,63.57883997291276,0.062135694197895074
65.0,0.0584,264.0,314036,2016-06-03 08:40:00,0,63.792013976975845,0.06157534006821082
64.1,0.0632,275.0,314036,2016-06-03 08:45:00,0,63.83821188042947,0.0618190390579792
63.3,0.0618,266.0,314036,2016-06-03 08:50:00,0,63.75748009836504,0.06181618319928232
64.1,0.0535,236.0,314036,2016-06-03 08:55:00,0,63.80885808361029,0.060568755719389966
62.0,0.0571,232.0,314036,2016-06-03 09:00:00,0,63.53752937106874,0.06004844236148146
62.1,0.0612,259.0,314036,2016-06-03 09:05:00,0,63.32189996540843,0.06022117600725924
62.2,0.0576,248.0,314036,2016-06-03 09:10:00,0,63.15361497059716,0.05982799960617036
62.7,0.0547,240.0,314036,2016-06-03 09:15:00,0,63.08557272500759,0.0590587996652448
64.2,0.051,229.0,314036,2016-06-03 09:20:00,0,63.25273681625645,0.05784997971545808
64.0,0.0591,253.0,314036,2016-06-03 09:25:00,0,63.364826293817984,0.058037482758139365
64.6,0.0495,220.0,314036,2016-06-03 09:30:00,0,63.55010234974528,0.05675686034441846
63.3,0.0526,218.0,314036,2016-06-03 09:35:00,0,63.512586997283485,0.05613333129275569
63.7,0.0543,237.0,314036,2016-06-03 09:40:00,0,63.54069894769096,0.055858331598842334
63.4,0.0557,231.0,314036,2016-06-03 09:45:00,0,63.519594105537315,0.055834581859015985
65.0,0.0417,192.0,314036,2016-06-03 09:50:00,0,63.74165498970672,0.05371439458016358
63.6,0.0454,190.0,314036,2016-06-03 09:55:00,0,63.720406741250706,0.05246723539313905
64.2,0.0517,218.0,314036,2016-06-03 10:00:00,0,63.792345730063104,0.052352150084168186
63.5,0.0496,200.0,314036,2016-06-03 10:05:00,0,63.74849387055364,0.05193932757154296
65.4,0.0449,197.0,314036,2016-06-03 10:10:00,0,63.996219789970596,0.05088342843581151
65.4,0.0524,221.0,314036,2016-06-03 10:15:00,0,64.206786821475,0.05111091417043978
65.4,0.0464,195.0,314036,2016-06-03 10:20:00,0,64.38576879825375,0.05040427704487381
64.4,0.0515,209.0,314036,2016-06-03 10:25:00,0,64.38790347851568,0.050568635488142735
66.1,0.0484,214.0,314036,2016-06-03 10:30:00,0,64.64471795673833,0.050243340164921324
66.3,0.047,201.0,314036,2016-06-03 10:35:00,0,64.89301026322758,0.049756839140183126
65.3,0.0496,206.0,314036,2016-06-03 10:40:00,0,64.95405872374344,0.04973331326915566
65.3,0.0504,220.0,314036,2016-06-03 10:45:00,0,65.00594991518193,0.049833316278782305
64.4,0.0506,209.0,314036,2016-06-03 10:50:00,0,64.91505742790464,0.04994831883696496
63.4,0.0483,194.0,314036,2016-06-03 10:55:00,0,64.68779881371894,0.04970107101142022
63.8,0.042,176.0,314036,2016-06-03 11:00:00,0,64.55462899166109,0.048545910359707185
65.6,0.0437,195.0,314036,2016-06-03 11:05:00,0,64.71143464291193,0.04781902380575111
66.9,0.0484,212.0,314036,2016-06-03 11:10:00,0,65.03971944647513,0.04790617023488844
66.1,0.0514,217.0,314036,2016-06-03 11:15:00,0,65.19876152950386,0.04843024469965517
65.1,0.0514,207.0,314036,2016-06-03 11:20:00,0,65.18394730007827,0.0488757079947069
65.6,0.0522,222.0,314036,2016-06-03 11:25:00,0,65.24635520506654,0.049374351795500857
66.0,0.0465,197.0,314036,2016-06-03 11:30:00,0,65.35940192430655,0.04894319902617573
66.6,0.0456,199.0,314036,2016-06-03 11:35:00,0,65.54549163566057,0.04844171917224937
66.1,0.0571,246.0,314036,2016-06-03 11:40:00,0,65.62866789031148,0.049740461296411964
64.1,0.0552,223.0,314036,2016-06-03 11:45:00,0,65.39936770676475,0.050559392101950165
64.3,0.0468,195.0,314036,2016-06-03 11:50:00,0,65.23446255075004,0.049995483286657635
63.9,0.0529,222.0,314036,2016-06-03 11:55:00,0,65.03429316813752,0.05043116079365899
63.1,0.0553,232.0,314036,2016-06-03 12:00:00,0,64.7441491929169,0.05116148667461014
64.6,0.0451,205.0,314036,2016-06-03 12:05:00,0,64.72252681397936,0.05025226367341862
62.7,0.048,204.0,314036,2016-06-03 12:10:00,0,64.41914779188245,0.04991442412240582
63.3,0.0561,241.0,314036,2016-06-03 12:15:00,0,64.25127562310008,0.050842260504044945
63.6,0.0471,202.0,314036,2016-06-03 12:20:00,0,64.15358427963507,0.0502809214284382
62.9,0.0543,225.0,314036,2016-06-03 12:25:00,0,63.96554663768981,0.050883783214172466
62.3,0.0623,259.0,314036,2016-06-03 12:30:00,0,63.71571464203634,0.05259621573204659
61.9,0.0563,232.0,314036,2016-06-03 12:35:00,0,63.44335744573088,0.0531517833722396
62.3,0.0518,222.0,314036,2016-06-03 12:40:00,0,63.27185382887125,0.05294901586640366
61.7,0.0571,236.0,314036,2016-06-03 12:45:00,0,63.03607575454056,0.053571663486443113
63.2,0.0548,244.0,314036,2016-06-03 12:50:00,0,63.06066439135948,0.05375591396347664
65.2,0.0509,234.0,314036,2016-06-03 12:55:00,0,63.38156473265556,0.053327526868955144
65.1,0.0501,224.0,314036,2016-06-03 13:00:00,0,63.63933002275723,0.052843397838611875
64.9,0.0493,216.0,314036,2016-06-03 13:05:00,0,63.82843051934364,0.05231188816282009
64.4,0.0539,238.0,314036,2016-06-03 13:10:00,0,63.91416594144209,0.052550104938397076
62.6,0.0562,235.0,314036,2016-06-03 13:15:00,0,63.71704105022578,0.05309758919763751
62.8,0.0583,253.0,314036,2016-06-03 13:20:00,0,63.579484892691916,0.053877950817991876
62.9,0.0558,242.0,314036,2016-06-03 13:25:00,0,63.47756215878813,0.054166258195293096
62.7,0.0543,232.0,314036,2016-06-03 13:30:00,0,63.360927834969914,0.05418631946599913
61.6,0.0544,224.0,314036,2016-06-03 13:35:00,0,63.096788659724425,0.054218371546099264
61.4,0.0553,231.0,314036,2016-06-03 13:40:00,0,62.84227036076576,0.05438061581418438
62.7,0.0538,243.0,314036,2016-06-03 13:45:00,0,62.820929806650895,0.05429352344205672
55.8,0.0926,260.0,314036,2016-06-03 13:50:00,0,61.76779033565326,0.06003949492574821
59.9,0.0511,228.0,314036,2016-06-03 13:55:00,0,61.48762178530527,0.05869857068688598
61.8,0.0511,226.0,314036,2016-06-03 14:00:00,0,61.534478517509484,0.05755878508385308
62.4,0.0491,217.0,314036,2016-06-03 14:05:00,0,61.66430673988306,0.056289967321275114
62.6,0.0485,216.0,314036,2016-06-03 14:10:00,0,61.8046607289006,0.05512147222308385
62.4,0.063,279.0,314036,2016-06-03 14:15:00,0,61.89396161956551,0.05630325138962127
62.3,0.0546,239.0,314036,2016-06-03 14:20:00,0,61.95486737663068,0.05604776368117807
62.0,0.0617,268.0,314036,2016-06-03 14:25:00,0,61.96163727013607,0.05689559912900136
62.3,0.0541,237.0,314036,2016-06-03 14:30:00,0,62.01239167961566,0.05647625925965116
62.3,0.0573,252.0,314036,2016-06-03 14:35:00,0,62.05553292767331,0.056599820370703484
62.9,0.0584,259.0,314036,2016-06-03 14:40:00,0,62.182202988522306,0.05686984731509796
62.6,0.0626,273.0,314036,2016-06-03 14:45:00,0,62.24487254024396,0.05772937021783327
61.5,0.0633,268.0,314036,2016-06-03 14:50:00,0,62.13314165920737,0.058564964685158274
62.5,0.0619,280.0,314036,2016-06-03 14:55:00,0,62.188170410326265,0.05906521998238454
61.7,0.0665,288.0,314036,2016-06-03 15:00:00,0,62.11494484877733,0.060180436985026856
61.2,0.0655,287.0,314036,2016-06-03 15:05:00,0,61.97770312146073,0.060978371437272826
60.3,0.0777,332.0,314036,2016-06-03 15:10:00,0,61.72604765324162,0.0634866157216819
60.9,0.0811,359.0,314036,2016-06-03 15:15:00,0,61.60214050525538,0.06612862336342962
61.6,0.077,347.0,314036,2016-06-03 15:20:00,0,61.60181942946707,0.06775932985891517
60.3,0.0891,380.0,314036,2016-06-03 15:25:00,0,61.40654651504701,0.07096043038007789
60.5,0.086,376.0,314036,2016-06-03 15:30:00,0,61.27056453778995,0.0732163658230662
60.6,0.0815,358.0,314036,2016-06-03 15:35:00,0,61.16997985712146,0.07445891094960627
60.1,0.0872,376.0,314036,2016-06-03 15:40:00,0,61.00948287855324,0.07637007430716532
60.4,0.0908,396.0,314036,2016-06-03 15:45:00,0,60.918060446770255,0.07853456316109053
62.1,0.0843,388.0,314036,2016-06-03 15:50:00,0,61.09535137975471,0.07939937868692695
61.1,0.08199999999999999,354.0,314036,2016-06-03 15:55:00,0,61.096048672791504,0.07978947188388791
61.3,0.0888,392.0,314036,2016-06-03 16:00:00,0,61.12664137187278,0.08114105110130472
62.3,0.0761,347.0,314036,2016-06-03 16:05:00,0,61.30264516609186,0.08038489343610901
62.1,0.0849,377.0,314036,2016-06-03 16:10:00,0,61.42224839117807,0.08106215942069266
61.5,0.0957,419.0,314036,2016-06-03 16:15:00,0,61.433911132501365,0.08325783550758875
60.4,0.0899,382.0,314036,2016-06-03 16:20:00,0,61.27882446262616,0.08425416018145043
61.8,0.079,361.0,314036,2016-06-03 16:25:00,0,61.35700079323223,0.08346603615423287
61.0,0.0886,383.0,314036,2016-06-03 16:30:00,0,61.303450674247394,0.08423613073109794
60.5,0.0941,406.0,314036,2016-06-03 16:35:00,0,61.18293307311028,0.08571571112143325
60.1,0.0967,414.0,314036,2016-06-03 16:40:00,0,61.02049311214373,0.08736335445321827
57.1,0.1088,421.0,314036,2016-06-03 16:45:00,0,60.43241914532217,0.09057885128523553
59.1,0.0855,376.0,314036,2016-06-03 16:50:00,0,60.23255627352385,0.08981702359245021
61.0,0.0805,366.0,314036,2016-06-03 16:55:00,0,60.34767283249527,0.08841947005358268
61.1,0.0816,360.0,314036,2016-06-03 17:00:00,0,60.46052190762098,0.08739654954554528
62.0,0.0763,347.0,314036,2016-06-03 17:05:00,0,60.69144362147783,0.08573206711371348
61.9,0.0872,387.0,314036,2016-06-03 17:10:00,0,60.87272707825616,0.08595225704665645
61.7,0.0836,370.0,314036,2016-06-03 17:15:00,0,60.996818016517736,0.08559941848965798
62.2,0.0765,345.0,314036,2016-06-03 17:20:00,0,61.17729531404007,0.08423450571620927
60.7,0.0864,368.0,314036,2016-06-03 17:25:00,0,61.10570101693406,0.08455932985877788
62.0,0.0727,328.0,314036,2016-06-03 17:30:00,0,61.23984586439395,0.0827804303799612
63.3,0.0676,314.0,314036,2016-06-03 17:35:00,0,61.54886898473485,0.08050336582296702
63.4,0.0765,346.0,314036,2016-06-03 17:40:00,0,61.82653863702462,0.07990286094952197
63.3,0.0629,287.0,314036,2016-06-03 17:45:00,0,62.04755784147092,0.07735243180709367
63.6,0.0638,293.0,314036,2016-06-03 17:50:00,0,62.28042416525028,0.07531956703602961
64.7,0.0595,281.0,314036,2016-06-03 17:55:00,0,62.64336054046274,0.07294663198062518
65.3,0.0563,268.0,314036,2016-06-03 18:00:00,0,63.04185645939333,0.0704496371835314
65.7,0.0561,268.0,314036,2016-06-03 18:05:00,0,63.44057799048433,0.06829719160600167
65.0,0.0596,275.0,314036,2016-06-03 18:10:00,0,63.67449129191168,0.06699261286510141
65.0,0.0676,313.0,314036,2016-06-03 18:15:00,0,63.87331759812493,0.0670837209353362
65.4,0.0537,254.0,314036,2016-06-03 18:20:00,0,64.10231995840618,0.06507616279503577
64.8,0.0617,284.0,314036,2016-06-03 18:25:00,0,64.20697196464525,0.0645697383757804
64.8,0.0604,280.0,314036,2016-06-03 18:30:00,0,64.29592616994846,0.06394427761941333
65.1,0.0541,254.0,314036,2016-06-03 18:35:00,0,64.41653724445618,0.06246763597650133
65.8,0.0571,272.0,314036,2016-06-03 18:40:00,0,64.62405665778775,0.061662490580026125
65.4,0.0532,247.0,314036,2016-06-03 18:45:00,0,64.74044815911958,0.0603931169930222
65.8,0.0507,240.0,314036,2016-06-03 18:50:00,0,64.89938093525164,0.058939149444068875
65.7,0.049,231.0,314036,2016-06-03 18:55:00,0,65.0194737949639,0.05744827702745855
67.5,0.0455,213.0,314036,2016-06-03 19:00:00,0,65.39155272571932,0.05565603547333976
68.2,0.0475,223.0,314036,2016-06-03 19:05:00,0,65.81281981686142,0.0544326301523388
69.4,0.0436,210.0,314036,2016-06-03 19:10:00,0,66.35089684433221,0.05280773562948797
68.9,0.0436,202.0,314036,2016-06-03 19:15:00,0,66.73326231768237,0.05142657528506477
69.5,0.0389,184.0,314036,2016-06-03 19:20:00,0,67.14827297003002,0.049547588992305054
70.2,0.0362,176.0,314036,2016-06-03 19:25:00,0,67.60603202452552,0.04754545064345929
70.4,0.0383,186.0,314036,2016-06-03 19:30:00,0,68.02512722084668,0.046158633046940394
69.6,0.0426,200.0,314036,2016-06-03 19:35:00,0,68.26135813771968,0.04562483808989933
69.6,0.0373,175.0,314036,2016-06-03 19:40:00,0,68.46215441706173,0.04437611237641444
69.2,0.0357,165.0,314036,2016-06-03 19:45:00,0,68.57283125450246,0.04307469551995227
70.5,0.0342,167.0,314036,2016-06-03 19:50:00,0,68.8619065663271,0.041743491191959435
69.5,0.0371,172.0,314036,2016-06-03 19:55:00,0,68.95762058137802,0.04104696751316552
70.2,0.0331,159.0,314036,2016-06-03 20:00:00,0,69.14397749417131,0.03985492238619069
69.6,0.0359,170.0,314036,2016-06-03 20:05:00,0,69.2123808700456,0.039261684028262085
69.6,0.0331,156.0,314036,2016-06-03 20:10:00,0,69.27052373953876,0.038337431424022766
69.0,0.0363,169.0,314036,2016-06-03 20:15:00,0,69.22994517860795,0.03803181671041935
67.9,0.0355,158.0,314036,2016-06-03 20:20:00,0,69.03045340181676,0.03765204420385644
68.7,0.0315,150.0,314036,2016-06-03 20:25:00,0,68.98088539154423,0.03672923757327797
69.5,0.0283,136.0,314036,2016-06-03 20:30:00,0,69.0587525828126,0.035464851937286275
69.1,0.0299,139.0,314036,2016-06-03 20:35:00,0,69.0649396953907,0.034630124146693336
68.8,0.036000000000000004,167.0,314036,2016-06-03 20:40:00,0,69.0251987410821,0.03483560552468933
68.7,0.0271,124.0,314036,2016-06-03 20:45:00,0,68.97641892991977,0.03367526469598593
69.1,0.0314,148.0,314036,2016-06-03 20:50:00,0,68.9949560904318,0.03333397499158804
68.3,0.032,146.0,314036,2016-06-03 20:55:00,0,68.89071267686703,0.033133878742849836
68.5,0.0348,161.0,314036,2016-06-03 21:00:00,0,68.83210577533697,0.03338379693142236
68.4,0.0319,149.0,314036,2016-06-03 21:05:00,0,68.76728990903642,0.03316122739170901
68.3,0.0296,138.0,314036,2016-06-03 21:10:00,0,68.69719642268096,0.032627043282952656
68.6,0.0366,171.0,314036,2016-06-03 21:15:00,0,68.68261695927882,0.03322298679050976
68.2,0.0313,144.0,314036,2016-06-03 21:20:00,0,68.610224415387,0.032934538771933294
68.6,0.0271,126.0,314036,2016-06-03 21:25:00,0,68.60869075307895,0.0320593579561433
69.3,0.0289,140.0,314036,2016-06-03 21:30:00,0,68.7123871401171,0.0315854542627218
68.8,0.0304,141.0,314036,2016-06-03 21:35:00,0,68.72552906909954,0.03140763612331353
68.9,0.0237,113.0,314036,2016-06-03 21:40:00,0,68.7516997087346,0.0302514907048165
69.8,0.026000000000000002,126.0,314036,2016-06-03 21:45:00,0,68.90894475242442,0.029613767099094024
59.4,0.0448,146.0,314036,2016-06-03 21:50:00,0,67.48260303956076,0.03189170203422992
62.9,0.034,151.0,314036,2016-06-03 21:55:00,0,66.79521258362664,0.03220794672909543
66.0,0.0308,144.0,314036,2016-06-03 22:00:00,0,66.67593069608264,0.03199675471973112
67.4,0.0249,116.0,314036,2016-06-03 22:05:00,0,66.78454109167025,0.030932241511771447
68.2,0.0255,121.0,314036,2016-06-03 22:10:00,0,66.99685992791972,0.030117405285005727
69.2,0.0294,142.0,314036,2016-06-03 22:15:00,0,67.32733093873175,0.030009794492254868
68.5,0.0291,131.0,314036,2016-06-03 22:20:00,0,67.50323129792199,0.02987332531841664
69.2,0.0288,138.0,314036,2016-06-03 22:25:00,0,67.75774660323368,0.029712326520654146
68.7,0.0246,114.0,314036,2016-06-03 22:30:00,0,67.89908461274862,0.02894547754255602
69.3,0.0243,116.0,314036,2016-06-03 22:35:00,0,68.10922192083633,0.028248655911172618
69.1,0.0269,127.0,314036,2016-06-03 22:40:00,0,68.25783863271089,0.028046357524496725
68.5,0.026000000000000002,118.0,314036,2016-06-03 22:45:00,0,68.29416283780425,0.027739403895822218
68.8,0.024,111.0,314036,2016-06-03 22:50:00,0,68.37003841213361,0.027178493311448882
68.0,0.0295,135.0,314036,2016-06-03 22:55:00,0,68.31453265031357,0.027526719314731548
68.2,0.022000000000000002,105.0,314036,2016-06-03 23:00:00,0,68.29735275276653,0.026697711417521815
67.6,0.0239,107.0,314036,2016-06-03 23:05:00,0,68.19274983985154,0.026278054704893545
67.8,0.0265,121.0,314036,2016-06-03 23:10:00,0,68.13383736387381,0.02631134649915951
67.2,0.0293,131.0,314036,2016-06-03 23:15:00,0,67.99376175929274,0.026759644524285583
67.6,0.0224,103.0,314036,2016-06-03 23:20:00,0,67.93469749539882,0.026105697845642744
67.3,0.0205,84.0,314036,2016-06-03 23:25:00,0,67.83949287108899,0.025264843168796333
67.7,0.0239,112.0,314036,2016-06-03 23:30:00,0,67.81856894042564,0.025060116693476884
67.4,0.0195,87.0,314036,2016-06-03 23:35:00,0,67.75578359936179,0.02422609918945535
68.0,0.0217,97.0,314036,2016-06-03 23:40:00,0,67.79241605945752,0.02384718431103705
68.6,0.019,94.0,314036,2016-06-03 23:45:00,0,67.91355365053889,0.023120106664381492
68.9,0.0165,80.0,314036,2016-06-03 23:50:00,0,68.06152060295805,0.02212709066472427
68.8,0.0146,71.0,314036,2016-06-03 23:55:00,0,68.17229251251435,0.02099802706501563
69.0,0.0173,78.0,314036,2016-06-04 00:00:00,0,68.29644863563719,0.020443323005263286
68.3,0.0164,71.0,314036,2016-06-04 00:05:00,0,68.29698134029161,0.019836824554473793
68.8,0.0127,63.0,314036,2016-06-04 00:10:00,0,68.37243413924786,0.018766300871302724
68.5,0.0125,61.0,314036,2016-06-04 00:15:00,0,68.39156901836068,0.017826355740607314
68.5,0.0139,67.0,314036,2016-06-04 00:20:00,0,68.40783366560659,0.017237402379516216
69.5,0.0118,58.0,314036,2016-06-04 00:25:00,0,68.5716586157656,0.016421792022588783
68.5,0.012,50.0,314036,2016-06-04 00:30:00,0,68.56090982340076,0.015758523219200467
68.5,0.0119,52.0,314036,2016-06-04 00:35:00,0,68.55177334989065,0.015179744736320397
68.6,0.0117,48.0,314036,2016-06-04 00:40:00,0,68.55900734740706,0.014657783025872336
68.1,0.0091,43.0,314036,2016-06-04 00:45:00,0,68.490156245296,0.013824115571991485
67.4,0.0112,48.0,314036,2016-06-04 00:50:00,0,68.3266328085016,0.01343049823619276
67.6,0.01,40.0,314036,2016-06-04 00:55:00,0,68.21763788722636,0.012915923500763846
68.9,0.0079,39.0,314036,2016-06-04 01:00:00,0,68.31999220414241,0.01216353497564927
68.9,0.0099,45.0,314036,2016-06-04 01:05:00,0,68.40699337352105,0.01182400472930188
68.1,0.0072,33.0,314036,2016-06-04 01:10:00,0,68.36094436749289,0.011130404019906597
69.1,0.0079,36.0,314036,2016-06-04 01:15:00,0,68.47180271236896,0.010645843416920608
68.2,0.0068,34.0,314036,2016-06-04 01:20:00,0,68.43103230551361,0.010068966904382517
68.5,0.0072,33.0,314036,2016-06-04 01:25:00,0,68.44137745968656,0.009638621868725139
68.0,0.0079,38.0,314036,2016-06-04 01:30:00,0,68.37517084073357,0.009377828588416367
68.2,0.0064,27.0,314036,2016-06-04 01:35:00,0,68.34889521462354,0.008931154300153912
67.7,0.0073,33.0,314036,2016-06-04 01:40:00,0,68.25156093243001,0.008686481155130826
68.7,0.0075,38.0,314036,2016-06-04 01:45:00,0,68.31882679256552,0.008508508981861201
68.7,0.0053,26.0,314036,2016-06-04 01:50:00,0,68.37600277368068,0.008027232634582021
68.7,0.0052,24.0,314036,2016-06-04 01:55:00,0,68.42460235762857,0.007603147739394718
68.9,0.0042,21.0,314036,2016-06-04 02:00:00,0,68.49591200398429,0.007092675578485511
65.1,0.0049,16.0,314036,2016-06-04 02:05:00,0,67.98652520338663,0.006763774241712685
67.8,0.0068,31.0,314036,2016-06-04 02:10:00,0,67.95854642287864,0.006769208105455782
66.7,0.0055,26.0,314036,2016-06-04 02:15:00,0,67.76976445944685,0.006578826889637414
66.6,0.0065,25.0,314036,2016-06-04 02:20:00,0,67.59429979052982,0.006567002856191802
68.5,0.0033,17.0,314036,2016-06-04 02:25:00,0,67.73015482195035,0.006076952427763032
66.7,0.0047,18.0,314036,2016-06-04 02:30:00,0,67.5756315986578,0.005870409563598577
68.7,0.0047,20.0,314036,2016-06-04 02:35:00,0,67.74428685885911,0.00569484812905879
67.1,0.005,20.0,314036,2016-06-04 02:40:00,0,67.64764383003025,0.005590620909699972
70.1,0.0043,24.0,314036,2016-06-04 02:45:00,0,68.0154972555257,0.005397027773244975
67.8,0.0051,22.0,314036,2016-06-04 02:50:00,0,67.98317266719684,0.005352473607258229
67.6,0.0035,16.0,314036,2016-06-04 02:55:00,0,67.92569676711732,0.005074602566169495
68.3,0.0047,17.0,314036,2016-06-04 03:00:00,0,67.98184225204972,0.005018412181244071
67.3,0.0032,13.0,314036,2016-06-04 03:05:00,0,67.87956591424225,0.00474565035405746
67.8,0.0023,12.0,314036,2016-06-04 03:10:00,0,67.86763102710592,0.0043788028009488405
68.2,0.0032,12.0,314036,2016-06-04 03:15:00,0,67.91748637304002,0.004201982380806515
67.7,0.0028,14.0,314036,2016-06-04 03:20:00,0,67.88486341708402,0.003991685023685537
68.5,0.0046,24.0,314036,2016-06-04 03:25:00,0,67.97713390452142,0.004082932270132706
68.2,0.0054,21.0,314036,2016-06-04 03:30:00,0,68.01056381884321,0.0042804924296128005
67.8,0.004,15.0,314036,2016-06-04 03:35:00,0,67.97897924601672,0.0042384185651708805
68.1,0.0036,19.0,314036,2016-06-04 03:40:00,0,67.9971323591142,0.004142655780395248
67.4,0.0039,18.0,314036,2016-06-04 03:45:00,0,67.90756250524707,0.00410625741333596
69.9,0.0025,14.0,314036,2016-06-04 03:50:00,0,68.20642812946001,0.003865318801335566
68.0,0.0044,18.0,314036,2016-06-04 03:55:00,0,68.175463910041,0.003945520981135231
67.8,0.0044,15.0,314036,2016-06-04 04:00:00,0,68.11914432353485,0.004013692833964947
67.6,0.0027,13.0,314036,2016-06-04 04:05:00,0,68.04127267500462,0.0038166389088702046
67.1,0.0031,13.0,314036,2016-06-04 04:10:00,0,67.90008177375393,0.003709143072539674
65.0,0.0048,14.0,314036,2016-06-04 04:15:00,0,67.46506950769083,0.0038727716116587225
69.3,0.0025,12.0,314036,2016-06-04 04:20:00,0,67.7403090815372,0.0036668558699099137
67.9,0.0066,24.0,314036,2016-06-04 04:25:00,0,67.76426271930661,0.004106827489423427
66.6,0.0071,27.0,314036,2016-06-04 04:30:00,0,67.58962331141062,0.004555803366009912
67.2,0.0103,35.0,314036,2016-06-04 04:35:00,0,67.53117981469903,0.005417432861108426
67.8,0.0072,34.0,314036,2016-06-04 04:40:00,0,67.57150284249417,0.005684817931942162
67.3,0.0059,22.0,314036,2016-06-04 04:45:00,0,67.53077741612003,0.005717095242150838
68.0,0.0072,25.0,314036,2016-06-04 04:50:00,0,67.60116080370203,0.005939530955828212
67.6,0.0054,20.0,314036,2016-06-04 04:55:00,0,67.60098668314671,0.00585860131245398
67.0,0.0045,18.0,314036,2016-06-04 05:00:00,0,67.51083868067471,0.005654811115585883
68.0,0.0058,24.0,314036,2016-06-04 05:05:00,0,67.5842128785735,0.0056765894482480005
67.9,0.0083,32.0,314036,2016-06-04 05:10:00,0,67.63158094678747,0.0060701010310107995
68.8,0.0086,40.0,314036,2016-06-04 05:15:00,0,67.80684380476934,0.006449585876359179
68.7,0.0122,53.0,314036,2016-06-04 05:20:00,0,67.94081723405394,0.007312147994905302
68.7,0.0131,61.0,314036,2016-06-04 05:25:00,0,68.05469464894585,0.008180325795669506
68.4,0.0155,71.0,314036,2016-06-04 05:30:00,0,68.10649045160397,0.009278276926319079
68.7,0.016,69.0,314036,2016-06-04 05:35:00,0,68.19551688386338,0.010286535387371216
69.1,0.018000000000000002,88.0,314036,2016-06-04 05:40:00,0,68.33118935128387,0.011443555079265533
68.1,0.0141,63.0,314036,2016-06-04 05:45:00,0,68.29651094859129,0.011842021817375703
67.2,0.0215,87.0,314036,2016-06-04 05:50:00,0,68.1320343063026,0.013290718544769348
68.2,0.0166,76.0,314036,2016-06-04 05:55:00,0,68.1422291603572,0.013787110763053945
67.5,0.0144,59.0,314036,2016-06-04 06:00:00,0,68.04589478630362,0.013879044148595853
66.7,0.0177,68.0,314036,2016-06-04 06:05:00,0,67.84401056835807,0.014452187526306474
68.3,0.0184,88.0,314036,2016-06-04 06:10:00,0,67.91240898310436,0.015044359397360502
67.7,0.0216,92.0,314036,2016-06-04 06:15:00,0,67.88054763563869,0.01602770548775643
68.2,0.0203,92.0,314036,2016-06-04 06:20:00,0,67.9284654902929,0.016668549664592965
67.7,0.0257,111.0,314036,2016-06-04 06:25:00,0,67.89419566674896,0.01802326721490402
68.6,0.0256,119.0,314036,2016-06-04 06:30:00,0,68.0000663167366,0.019159777132668417
67.3,0.03,129.0,314036,2016-06-04 06:35:00,0,67.89505636922611,0.020785810562768153
66.0,0.0326,133.0,314036,2016-06-04 06:40:00,0,67.61079791384219,0.02255793897835293
63.9,0.031,120.0,314036,2016-06-04 06:45:00,0,67.05417822676586,0.023824248131599987
66.3,0.0294,131.0,314036,2016-06-04 06:50:00,0,66.94105149275097,0.02466061091185999
67.1,0.0284,127.0,314036,2016-06-04 06:55:00,0,66.96489376883832,0.02522151927508099
67.8,0.0283,124.0,314036,2016-06-04 07:00:00,0,67.09015970351257,0.025683291383818842
67.9,0.0307,131.0,314036,2016-06-04 07:05:00,0,67.21163574798568,0.026435797676246015
68.5,0.0277,126.0,314036,2016-06-04 07:10:00,0,67.40489038578782,0.02662542802480911
68.9,0.0292,131.0,314036,2016-06-04 07:15:00,0,67.62915682791964,0.027011613821087743
70.0,0.03,142.0,314036,2016-06-04 07:20:00,0,67.98478330373169,0.02745987174792458
68.5,0.0342,147.0,314036,2016-06-04 07:25:00,0,68.06206580817194,0.02847089098573589
68.6,0.0322,145.0,314036,2016-06-04 07:30:00,0,68.14275593694614,0.02903025733787551
68.2,0.0327,144.0,314036,2016-06-04 07:35:00,0,68.15134254640422,0.029580718737194183
68.1,0.0436,192.0,314036,2016-06-04 07:40:00,0,68.1436411644436,0.031683610926615056
69.6,0.0345,162.0,314036,2016-06-04 07:45:00,0,68.36209498977705,0.032106069287622795
68.1,0.0317,136.0,314036,2016-06-04 07:50:00,0,68.3227807413105,0.03204515889447938
67.3,0.0337,144.0,314036,2016-06-04 07:55:00,0,68.16936363011392,0.03229338506030747
68.6,0.0284,134.0,314036,2016-06-04 08:00:00,0,68.23395908559684,0.031709377301261346
69.3,0.0344,157.0,314036,2016-06-04 08:05:00,0,68.39386522275731,0.03211297070607214
69.7,0.0299,137.0,314036,2016-06-04 08:10:00,0,68.58978543934371,0.03178102510016132
68.6,0.0383,170.0,314036,2016-06-04 08:15:00,0,68.59131762344215,0.03275887133513712
69.4,0.0343,161.0,314036,2016-06-04 08:20:00,0,68.71261997992583,0.03299004063486655
69.3,0.0384,176.0,314036,2016-06-04 08:25:00,0,68.80072698293695,0.033801534539636566
68.1,0.0409,179.0,314036,2016-06-04 08:30:00,0,68.6956179354964,0.03486630435869108
68.0,0.0454,203.0,314036,2016-06-04 08:35:00,0,68.59127524517194,0.03644635870488741
68.2,0.0458,206.0,314036,2016-06-04 08:40:00,0,68.53258395839615,0.037849404899154296
68.0,0.0453,203.0,314036,2016-06-04 08:45:00,0,68.45269636463672,0.038966994164281156
67.3,0.0467,202.0,314036,2016-06-04 08:50:00,0,68.27979190994121,0.04012694503963898
68.1,0.0381,173.0,314036,2016-06-04 08:55:00,0,68.25282312345003,0.039822903283693124
67.2,0.0408,175.0,314036,2016-06-04 09:00:00,0,68.09489965493252,0.039969467791139156
68.3,0.0367,171.0,314036,2016-06-04 09:05:00,0,68.12566470669265,0.03947904762246828
68.6,0.045,203.0,314036,2016-06-04 09:10:00,0,68.19681500068874,0.04030719047909804
68.4,0.0403,183.0,314036,2016-06-04 09:15:00,0,68.22729275058543,0.040306111907233336
69.2,0.0447,210.0,314036,2016-06-04 09:20:00,0,68.37319883799762,0.04096519512114834
68.2,0.0488,219.0,314036,2016-06-04 09:25:00,0,68.34721901229797,0.042140415852976086
68.5,0.0436,202.0,314036,2016-06-04 09:30:00,0,68.37013616045327,0.04235935347502967
68.9,0.0427,198.0,314036,2016-06-04 09:35:00,0,68.44961573638528,0.04241045045377522
67.7,0.0491,216.0,314036,2016-06-04 09:40:00,0,68.33717337592749,0.04341388288570893
60.5,0.0763,209.0,314036,2016-06-04 09:45:00,0,67.16159736953837,0.048346800452852584
64.1,0.0465,210.0,314036,2016-06-04 09:50:00,0,66.70235776410762,0.048069780384924696
65.2,0.0424,190.0,314036,2016-06-04 09:55:00,0,66.47700409949147,0.047219313327185986
64.9,0.0486,217.0,314036,2016-06-04 10:00:00,0,66.24045348456775,0.04742641632810808
64.9,0.0459,205.0,314036,2016-06-04 10:05:00,0,66.03938546188259,0.04719745387889187
66.5,0.0462,217.0,314036,2016-06-04 10:10:00,0,66.10847764260019,0.04704783579705809
67.1,0.0432,204.0,314036,2016-06-04 10:15:00,0,66.25720599621016,0.04647066042749937
67.1,0.0493,231.0,314036,2016-06-04 10:20:00,0,66.38362509677863,0.046895061363374464
67.5,0.0477,224.0,314036,2016-06-04 10:25:00,0,66.55108133226183,0.047015802158868296
68.0,0.0442,208.0,314036,2016-06-04 10:30:00,0,66.76841913242255,0.04659343183503806
66.7,0.0468,209.0,314036,2016-06-04 10:35:00,0,66.75815626255917,0.04662441705978235
65.0,0.0502,220.0,314036,2016-06-04 10:40:00,0,66.49443282317529,0.04716075450081499
65.7,0.0487,219.0,314036,2016-06-04 10:45:00,0,66.375267899699,0.04739164132569274
65.6,0.055999999999999994,254.0,314036,2016-06-04 10:50:00,0,66.25897771474415,0.04868289512683883
65.5,0.049,222.0,314036,2016-06-04 10:55:00,0,66.14513105753252,0.048730460857813004
66.0,0.0408,186.0,314036,2016-06-04 11:00:00,0,66.12336139890265,0.047540891729141055
66.8,0.0427,203.0,314036,2016-06-04 11:05:00,0,66.22485718906725,0.046814757969769895
66.8,0.0479,227.0,314036,2016-06-04 11:10:00,0,66.31112861070716,0.04697754427430441
67.5,0.0458,216.0,314036,2016-06-04 11:15:00,0,66.48945931910109,0.04680091263315875
66.6,0.0513,236.0,314036,2016-06-04 11:20:00,0,66.50604042123592,0.047475775738184935
66.6,0.0464,213.0,314036,2016-06-04 11:25:00,0,66.52013435805053,0.04731440937745719
67.7,0.0457,218.0,314036,2016-06-04 11:30:00,0,66.69711420434294,0.047072247970838615
67.3,0.0515,237.0,314036,2016-06-04 11:35:00,0,66.78754707369148,0.04773641077521282
66.8,0.0569,259.0,314036,2016-06-04 11:40:00,0,66.78941501263776,0.0491109491589309
66.8,0.0395,183.0,314036,2016-06-04 11:45:00,0,66.79100276074209,0.047669306785091264
67.8,0.0441,210.0,314036,2016-06-04 11:50:00,0,66.94235234663077,0.04713391076732758
66.5,0.0534,240.0,314036,2016-06-04 11:55:00,0,66.87599949463615,0.04807382415222844
67.2,0.0501,240.0,314036,2016-06-04 12:00:00,0,66.92459957044072,0.04837775052939417
67.1,0.0462,214.0,314036,2016-06-04 12:05:00,0,66.9509096348746,0.04805108794998504
66.1,0.0498,222.0,314036,2016-06-04 12:10:00,0,66.8232731896434,0.04831342475748728
65.8,0.0511,232.0,314036,2016-06-04 12:15:00,0,66.66978221119689,0.048731411043864185
63.9,0.0558,238.0,314036,2016-06-04 12:20:00,0,66.25431487951735,0.04979169938728456
64.6,0.0528,239.0,314036,2016-06-04 12:25:00,0,66.00616764758975,0.05024294447919188
65.8,0.0537,248.0,314036,2016-06-04 12:30:00,0,65.97524250045129,0.0507615028073131
66.2,0.0494,229.0,314036,2016-06-04 12:35:00,0,66.00895612538359,0.05055727738621613
65.7,0.0491,221.0,314036,2016-06-04 12:40:00,0,65.96261270657605,0.05033868577828371
65.7,0.0546,249.0,314036,2016-06-04 12:45:00,0,65.92322080058965,0.05097788291154115
65.6,0.0515,236.0,314036,2016-06-04 12:50:00,0,65.8747376805012,0.05105620047480998
65.7,0.0489,224.0,314036,2016-06-04 12:55:00,0,65.84852702842602,0.050732770403588485
65.0,0.0512,229.0,314036,2016-06-04 13:00:00,0,65.72124797416211,0.05080285484305021
65.6,0.0588,270.0,314036,2016-06-04 13:05:00,0,65.7030607780378,0.05200242661659268
63.4,0.059000000000000004,250.0,314036,2016-06-04 13:10:00,0,65.35760166133213,0.05305206262410378
64.6,0.0506,232.0,314036,2016-06-04 13:15:00,0,65.24396141213231,0.05268425323048821
65.6,0.0555,256.0,314036,2016-06-04 13:20:00,0,65.29736720031246,0.05310661524591498
65.7,0.0497,227.0,314036,2016-06-04 13:25:00,0,65.35776212026559,0.05259562295902773
66.7,0.0511,239.0,314036,2016-06-04 13:30:00,0,65.55909780222575,0.05237127951517356
68.2,0.0423,207.0,314036,2016-06-04 13:35:00,0,65.95523313189189,0.05086058758789752
67.9,0.0482,229.0,314036,2016-06-04 13:40:00,0,66.2469481621081,0.05046149944971289
67.4,0.0521,244.0,314036,2016-06-04 13:45:00,0,66.41990593779188,0.05070727453225596
57.1,0.0838,237.0,314036,2016-06-04 13:50:00,0,65.0219200471231,0.05567118335241756
62.8,0.0474,220.0,314036,2016-06-04 13:55:00,0,64.68863204005463,0.054430505849554923
64.9,0.047,223.0,314036,2016-06-04 14:00:00,0,64.72033723404644,0.05331592997212169
65.2,0.0507,235.0,314036,2016-06-04 14:05:00,0,64.79228664893947,0.05292354047630343
64.3,0.0556,246.0,314036,2016-06-04 14:10:00,0,64.71844365159855,0.05332500940485792
65.4,0.0474,222.0,314036,2016-06-04 14:15:00,0,64.82067710385876,0.05243625799412923
65.5,0.0498,230.0,314036,2016-06-04 14:20:00,0,64.92257553827994,0.052040819295009845
66.0,0.0475,223.0,314036,2016-06-04 14:25:00,0,65.08418920753795,0.05135969640075837
65.0,0.0512,228.0,314036,2016-06-04 14:30:00,0,65.07156082640725,0.05133574194064461
65.5,0.0515,235.0,314036,2016-06-04 14:35:00,0,65.13582670244617,0.05136038064954791
65.0,0.0459,206.0,314036,2016-06-04 14:40:00,0,65.11545269707923,0.05054132355211573
65.7,0.0508,234.0,314036,2016-06-04 14:45:00,0,65.20313479251735,0.05058012501929837
65.1,0.0505,226.0,314036,2016-06-04 14:50:00,0,65.18766457363974,0.050568106266403616
66.2,0.0419,200.0,314036,2016-06-04 14:55:00,0,65.33951488759377,0.04926789032644307
65.9,0.0473,219.0,314036,2016-06-04 15:00:00,0,65.4235876544547,0.0489727067774766
66.3,0.0492,230.0,314036,2016-06-04 15:05:00,0,65.5550495062865,0.04900680076085511
66.1,0.0462,214.0,314036,2016-06-04 15:10:00,0,65.63679208034353,0.04858578064672684
66.0,0.052000000000000005,244.0,314036,2016-06-04 15:15:00,0,65.691273268292,0.04909791354971781
66.2,0.0451,212.0,314036,2016-06-04 15:20:00,0,65.7675822780482,0.04849822651726014
66.6,0.0475,227.0,314036,2016-06-04 15:25:00,0,65.89244493634097,0.04834849253967112
67.2,0.0429,206.0,314036,2016-06-04 15:30:00,0,66.08857819588982,0.04753121865872045
66.6,0.0438,202.0,314036,2016-06-04 15:35:00,0,66.16529146650635,0.046971535859912386
67.4,0.0408,198.0,314036,2016-06-04 15:40:00,0,66.3504977465304,0.04604580548092553
66.8,0.0479,223.0,314036,2016-06-04 15:45:00,0,66.41792308455084,0.046323934658786696
65.8,0.0523,237.0,314036,2016-06-04 15:50:00,0,66.3252346218682,0.047220344459968686
65.2,0.0456,207.0,314036,2016-06-04 15:55:00,0,66.15644942858798,0.04697729279097338
65.9,0.0433,197.0,314036,2016-06-04 16:00:00,0,66.11798201429978,0.04642569887232737
66.5,0.046,215.0,314036,2016-06-04 16:05:00,0,66.1752847121548,0.046361844041478265
67.3,0.0456,215.0,314036,2016-06-04 16:10:00,0,66.34399200533159,0.04624756743525652
68.2,0.0422,203.0,314036,2016-06-04 16:15:00,0,66.62239320453185,0.04564043231996805
68.6,0.0449,215.0,314036,2016-06-04 16:20:00,0,66.91903422385207,0.04552936747197284
67.3,0.0469,213.0,314036,2016-06-04 16:25:00,0,66.97617909027426,0.04573496235117691
67.4,0.042,195.0,314036,2016-06-04 16:30:00,0,67.03975222673311,0.045174717998500376
67.6,0.0405,188.0,314036,2016-06-04 16:35:00,0,67.12378939272314,0.044473510298725316
68.3,0.0417,196.0,314036,2016-06-04 16:40:00,0,67.30022098381467,0.04405748375391652
67.6,0.0469,214.0,314036,2016-06-04 16:45:00,0,67.34518783624246,0.04448386119082904
68.0,0.0436,207.0,314036,2016-06-04 16:50:00,0,67.44340966080608,0.04435128201220468
68.2,0.0406,192.0,314036,2016-06-04 16:55:00,0,67.55689821168517,0.04378858971037398
69.0,0.0415,204.0,314036,2016-06-04 17:00:00,0,67.77336347993239,0.04344530125381788
68.7,0.0385,183.0,314036,2016-06-04 17:05:00,0,67.91235895794253,0.0427035060657452
68.6,0.0416,198.0,314036,2016-06-04 17:10:00,0,68.01550511425114,0.04253798015588343
67.6,0.0439,202.0,314036,2016-06-04 17:15:00,0,67.95317934711346,0.04274228313250091
67.6,0.0467,219.0,314036,2016-06-04 17:20:00,0,67.90020244504643,0.04333594066262577
66.6,0.0434,196.0,314036,2016-06-04 17:25:00,0,67.70517207828946,0.0433455495632319
66.1,0.0448,204.0,314036,2016-06-04 17:30:00,0,67.46439626654603,0.04356371712874711
67.2,0.0359,172.0,314036,2016-06-04 17:35:00,0,67.42473682656413,0.04241415955943505
67.4,0.0439,206.0,314036,2016-06-04 17:40:00,0,67.4210263025795,0.04263703562551979
66.3,0.0415,189.0,314036,2016-06-04 17:45:00,0,67.25287235719257,0.042466480281691824
67.0,0.0385,181.0,314036,2016-06-04 17:50:00,0,67.21494150361369,0.041871508239438054
68.0,0.040999999999999995,197.0,314036,2016-06-04 17:55:00,0,67.33270027807163,0.04174078200352234
68.3,0.0369,177.0,314036,2016-06-04 18:00:00,0,67.47779523636088,0.04101466470299399
67.8,0.0363,172.0,314036,2016-06-04 18:05:00,0,67.52612595090675,0.04030746499754489
67.4,0.0411,191.0,314036,2016-06-04 18:10:00,0,67.50720705827074,0.04042634524791315
68.2,0.0385,187.0,314036,2016-06-04 18:15:00,0,67.61112599953013,0.04013739346072618
68.6,0.0381,182.0,314036,2016-06-04 18:20:00,0,67.75945709960061,0.03983178444161725
68.7,0.0346,167.0,314036,2016-06-04 18:25:00,0,67.90053853466051,0.039047016775374664
67.6,0.040999999999999995,188.0,314036,2016-06-04 18:30:00,0,67.85545775446143,0.039339964259068466
67.1,0.0366,169.0,314036,2016-06-04 18:35:00,0,67.74213909129222,0.0389289696202082
67.2,0.0407,190.0,314036,2016-06-04 18:40:00,0,67.66081822759838,0.039194624177176965
68.2,0.036000000000000004,176.0,314036,2016-06-04 18:45:00,0,67.74169549345862,0.03871543055060042
69.0,0.0375,184.0,314036,2016-06-04 18:50:00,0,67.93044116943983,0.03853311596801035
69.2,0.027999999999999997,137.0,314036,2016-06-04 18:55:00,0,68.12087499402385,0.0369531485728088
69.0,0.0401,191.0,314036,2016-06-04 19:00:00,0,68.25274374492027,0.03742517628688748
68.4,0.0296,140.0,314036,2016-06-04 19:05:00,0,68.27483218318223,0.03625139984385435
68.9,0.0337,162.0,314036,2016-06-04 19:10:00,0,68.36860735570488,0.0358686898672762
69.7,0.0277,139.0,314036,2016-06-04 19:15:00,0,68.56831625234915,0.03464338638718477
70.2,0.0317,159.0,314036,2016-06-04 19:20:00,0,68.81306881449677,0.034201878429107054
69.2,0.0318,152.0,314036,2016-06-04 19:25:00,0,68.87110849232225,0.03384159666474099
69.4,0.0311,150.0,314036,2016-06-04 19:30:00,0,68.95044221847391,0.033430357165029845
69.0,0.0316,151.0,314036,2016-06-04 19:35:00,0,68.95787588570282,0.03315580359027537
69.7,0.0309,154.0,314036,2016-06-04 19:40:00,0,69.0691945028474,0.03281743305173406
68.8,0.028999999999999998,136.0,314036,2016-06-04 19:45:00,0,69.02881532742028,0.03224481809397395
69.3,0.0306,150.0,314036,2016-06-04 19:50:00,0,69.06949302830724,0.031998095379877856
69.0,0.0258,124.0,314036,2016-06-04 19:55:00,0,69.05906907406114,0.031068381072896174
69.3,0.026000000000000002,127.0,314036,2016-06-04 20:00:00,0,69.09520871295197,0.03030812391196175
69.9,0.0281,138.0,314036,2016-06-04 20:05:00,0,69.21592740600917,0.029976905325167485
70.0,0.0248,123.0,314036,2016-06-04 20:10:00,0,69.33353829510779,0.029200369526392364
69.6,0.0283,135.0,314036,2016-06-04 20:15:00,0,69.37350755084162,0.029065314097433508
68.7,0.0234,110.0,314036,2016-06-04 20:20:00,0,69.27248141821538,0.02821551698281848
69.4,0.026000000000000002,124.0,314036,2016-06-04 20:25:00,0,69.29160920548307,0.02788318943539571
68.9,0.0271,128.0,314036,2016-06-04 20:30:00,0,69.23286782466062,0.02776571102008635
68.7,0.0229,108.0,314036,2016-06-04 20:35:00,0,69.15293765096152,0.027035854367073398
68.2,0.0259,118.0,314036,2016-06-04 20:40:00,0,69.0099970033173,0.026865476212012386
68.5,0.0246,116.0,314036,2016-06-04 20:45:00,0,68.93349745281971,0.026525654780210527
68.6,0.0227,108.0,314036,2016-06-04 20:50:00,0,68.88347283489675,0.02595180656317895
68.1,0.0277,125.0,314036,2016-06-04 20:55:00,0,68.76595190966223,0.026214035578702104
68.3,0.0259,121.0,314036,2016-06-04 21:00:00,0,68.6960591232129,0.02616693024189679
68.9,0.0227,109.0,314036,2016-06-04 21:05:00,0,68.72665025473097,0.02564689070561227
69.1,0.0311,148.0,314036,2016-06-04 21:10:00,0,68.78265271652133,0.026464857099770426
68.4,0.0286,132.0,314036,2016-06-04 21:15:00,0,68.72525480904312,0.02678512853480486
68.5,0.0292,136.0,314036,2016-06-04 21:20:00,0,68.69146658768665,0.027147359254584127
68.7,0.0282,132.0,314036,2016-06-04 21:25:00,0,68.69274659953365,0.027305255366396504
69.0,0.0319,149.0,314036,2016-06-04 21:30:00,0,68.7388346096036,0.027994467061437024
69.3,0.026000000000000002,123.0,314036,2016-06-04 21:35:00,0,68.82300941816305,0.02769529700222147
68.3,0.0307,139.0,314036,2016-06-04 21:40:00,0,68.74455800543859,0.028146002451888245
68.1,0.0274,126.0,314036,2016-06-04 21:45:00,0,68.6478743046228,0.028034102084105006
68.8,0.0293,139.0,314036,2016-06-04 21:50:00,0,68.67069315892938,0.028223986771489254
68.3,0.0337,153.0,314036,2016-06-04 21:55:00,0,68.61508918508997,0.029045388755765865
68.4,0.0266,121.0,314036,2016-06-04 22:00:00,0,68.58282580732647,0.028678580442400986
68.7,0.0274,130.0,314036,2016-06-04 22:05:00,0,68.6004019362275,0.028486793376040837
68.9,0.0229,109.0,314036,2016-06-04 22:10:00,0,68.64534164579337,0.027648774369634713
69.1,0.024,114.0,314036,2016-06-04 22:15:00,0,68.71354039892435,0.027101458214189505
68.6,0.0262,119.0,314036,2016-06-04 22:20:00,0,68.6965093390857,0.026966239482061078
68.7,0.0236,111.0,314036,2016-06-04 22:25:00,0,68.69703293822283,0.026461303559751917
68.1,0.0301,135.0,314036,2016-06-04 22:30:00,0,68.60747799748941,0.02700710802578913
68.4,0.0266,124.0,314036,2016-06-04 22:35:00,0,68.576356297866,0.02694604182192076
68.6,0.0299,141.0,314036,2016-06-04 22:40:00,0,68.5799028531861,0.027389135548632645
68.9,0.0223,108.0,314036,2016-06-04 22:45:00,0,68.62791742520818,0.02662576521633775
67.9,0.028999999999999998,130.0,314036,2016-06-04 22:50:00,0,68.51872981142695,0.026981900433887086
67.8,0.0253,115.0,314036,2016-06-04 22:55:00,0,68.4109203397129,0.02672961536880402
68.5,0.0202,97.0,314036,2016-06-04 23:00:00,0,68.42428228875596,0.025750173063483414
68.4,0.0183,87.0,314036,2016-06-04 23:05:00,0,68.42063994544257,0.024632647103960903
69.1,0.0168,80.0,314036,2016-06-04 23:10:00,0,68.52254395362618,0.023457750038366768
69.1,0.0165,79.0,314036,2016-06-04 23:15:00,0,68.60916236058225,0.022414087532611753
69.1,0.0163,80.0,314036,2016-06-04 23:20:00,0,68.6827880064949,0.021496974402719988
69.0,0.0152,73.0,314036,2016-06-04 23:25:00,0,68.73036980552067,0.02055242824231199
69.0,0.0166,79.0,314036,2016-06-04 23:30:00,0,68.77081433469256,0.019959564005965193
68.4,0.0168,77.0,314036,2016-06-04 23:35:00,0,68.71519218448867,0.019485629405070412
69.0,0.0156,75.0,314036,2016-06-04 23:40:00,0,68.75791335681537,0.01890278499430985
68.7,0.0172,80.0,314036,2016-06-04 23:45:00,0,68.74922635329307,0.01864736724516337
69.1,0.013999999999999999,67.0,314036,2016-06-04 23:50:00,0,68.80184240029911,0.017950262158388866
68.2,0.0143,64.0,314036,2016-06-04 23:55:00,0,68.71156604025424,0.017402722834630537
68.9,0.0136,64.0,314036,2016-06-05 00:00:00,0,68.7398311342161,0.016832314409435955
68.9,0.012,57.0,314036,2016-06-05 00:05:00,0,68.76385646408369,0.016107467248020563
68.3,0.0147,69.0,314036,2016-06-05 00:10:00,0,68.69427799447114,0.01589634716081748
67.8,0.0104,50.0,314036,2016-06-05 00:15:00,0,68.56013629530047,0.015071895086694858
68.4,0.0124,60.0,314036,2016-06-05 00:20:00,0,68.53611585100539,0.014671110823690629
68.3,0.0117,53.0,314036,2016-06-05 00:25:00,0,68.50069847335457,0.014225444200137034
68.7,0.0116,57.0,314036,2016-06-05 00:30:00,0,68.53059370235138,0.01383162757011648
68.2,0.0087,41.0,314036,2016-06-05 00:35:00,0,68.48100464699867,0.013061883434599008
68.4,0.0091,45.0,314036,2016-06-05 00:40:00,0,68.46885394994887,0.012467600919409155
68.2,0.0092,43.0,314036,2016-06-05 00:45:00,0,68.42852585745653,0.01197746078149778
67.2,0.0097,40.0,314036,2016-06-05 00:50:00,0,68.24424697883805,0.011635841664273113
68.5,0.0066,32.0,314036,2016-06-05 00:55:00,0,68.28260993201235,0.010880465414632145
68.9,0.0104,46.0,314036,2016-06-05 01:00:00,0,68.3752184422105,0.010808395602437324
67.6,0.0078,33.0,314036,2016-06-05 01:05:00,0,68.25893567587892,0.010357136262071725
68.7,0.0076,35.0,314036,2016-06-05 01:10:00,0,68.32509532449708,0.009943565822760967
68.6,0.01,45.0,314036,2016-06-05 01:15:00,0,68.36633102582252,0.00995203094934682
67.7,0.0063,28.0,314036,2016-06-05 01:20:00,0,68.26638137194914,0.009404226306944798
69.4,0.0055,28.0,314036,2016-06-05 01:25:00,0,68.43642416615677,0.008818592360903077
69.8,0.0045,24.0,314036,2016-06-05 01:30:00,0,68.64096054123326,0.008170803506767615
68.2,0.0056,28.0,314036,2016-06-05 01:35:00,0,68.57481646004827,0.007785182980752472
67.8,0.0078,38.0,314036,2016-06-05 01:40:00,0,68.45859399104103,0.007787405533639601
68.1,0.0064,27.0,314036,2016-06-05 01:45:00,0,68.40480489238487,0.007579294703593661
69.7,0.0063,31.0,314036,2016-06-05 01:50:00,0,68.59908415852715,0.007387400498054611
68.4,0.0059,27.0,314036,2016-06-05 01:55:00,0,68.56922153474808,0.007164290423346419
68.1,0.0046,22.0,314036,2016-06-05 02:00:00,0,68.49883830453587,0.0067796468598444555
68.0,0.0067,33.0,314036,2016-06-05 02:05:00,0,68.42401255885548,0.006767699830867787
67.4,0.0043,21.0,314036,2016-06-05 02:10:00,0,68.27041067502716,0.006397544856237619
66.9,0.0055,26.0,314036,2016-06-05 02:15:00,0,68.06484907377309,0.006262913127801976
69.0,0.0033,16.0,314036,2016-06-05 02:20:00,0,68.20512171270713,0.005818476158631679
65.6,0.0046,19.0,314036,2016-06-05 02:25:00,0,67.81435345580105,0.005635704734836927
67.5,0.0061,25.0,314036,2016-06-05 02:30:00,0,67.76720043743089,0.005705349024611388
67.2,0.006999999999999999,29.0,314036,2016-06-05 02:35:00,0,67.68212037181625,0.0058995466709196795
67.2,0.0042,18.0,314036,2016-06-05 02:40:00,0,67.60980231604381,0.005644614670281727
67.9,0.0054,25.0,314036,2016-06-05 02:45:00,0,67.65333196863723,0.005607922469739467
66.8,0.0037,14.0,314036,2016-06-05 02:50:00,0,67.52533217334164,0.005321734099278547
66.2,0.0035,10.0,314036,2016-06-05 02:55:00,0,67.32653234734039,0.005048473984386765
65.8,0.0041,15.0,314036,2016-06-05 03:00:00,0,67.09755249523933,0.0049062028867287505
65.9,0.0023,10.0,314036,2016-06-05 03:05:00,0,66.91791962095343,0.004515272453719438
69.2,0.0024,12.0,314036,2016-06-05 03:10:00,0,67.26023167781041,0.004197981585661522
65.7,0.0013,6.0,314036,2016-06-05 03:15:00,0,67.02619692613885,0.0037632843478122933
69.1,0.0038,19.0,314036,2016-06-05 03:20:00,0,67.33726738721802,0.0037687916956404494
68.4,0.0043,22.0,314036,2016-06-05 03:25:00,0,67.49667727913531,0.003848472941294382
66.5,0.0034,16.0,314036,2016-06-05 03:30:00,0,67.34717568726501,0.003781202000100225
67.2,0.0032,16.0,314036,2016-06-05 03:35:00,0,67.32509933417526,0.0036940217000851912
65.4,0.0035,13.0,314036,2016-06-05 03:40:00,0,67.03633443404897,0.003664918445072412
67.4,0.0061,25.0,314036,2016-06-05 03:45:00,0,67.09088426894162,0.0040301806783115506
66.6,0.0022,11.0,314036,2016-06-05 03:50:00,0,67.01725162860038,0.003755653576564818
67.1,0.0026,9.0,314036,2016-06-05 03:55:00,0,67.02966388431032,0.0035823055400800953
65.8,0.0048,19.0,314036,2016-06-05 04:00:00,0,66.84521430166377,0.003764959709068081
66.1,0.0025,13.0,314036,2016-06-05 04:05:00,0,66.73343215641421,0.0035752157527078688
67.1,0.0019,9.0,314036,2016-06-05 04:10:00,0,66.78841733295208,0.0033239333898016886
68.6,0.0016,10.0,314036,2016-06-05 04:15:00,0,67.06015473300926,0.0030653433813314355
67.5,0.0041,17.0,314036,2016-06-05 04:20:00,0,67.12613152305786,0.00322054187413172
66.9,0.0034,15.0,314036,2016-06-05 04:25:00,0,67.09221179459918,0.003247460593011962
68.2,0.0047,24.0,314036,2016-06-05 04:30:00,0,67.2583800254093,0.0034653415040601676
67.5,0.0074,31.0,314036,2016-06-05 04:35:00,0,67.2946230215979,0.004055540278451142
66.8,0.0052,25.0,314036,2016-06-05 04:40:00,0,67.22042956835821,0.004227209236683471
67.3,0.0038,19.0,314036,2016-06-05 04:45:00,0,67.23236513310448,0.0041631278511809495
67.5,0.0059,26.0,314036,2016-06-05 04:50:00,0,67.2725103631388,0.004423658673503807
67.6,0.0037,18.0,314036,2016-06-05 04:55:00,0,67.32163380866798,0.004315109872478236
66.8,0.0051,25.0,314036,2016-06-05 05:00:00,0,67.24338873736778,0.0044328433916065
68.2,0.0076,34.0,314036,2016-06-05 05:05:00,0,67.38688042676262,0.0049079168828655255
67.5,0.01,43.0,314036,2016-06-05 05:10:00,0,67.40384836274822,0.0056717293504356964
68.6,0.0082,41.0,314036,2016-06-05 05:15:00,0,67.58327110833599,0.006050969947870342
68.6,0.0139,69.0,314036,2016-06-05 05:20:00,0,67.7357804420856,0.007228324455689789
68.2,0.0104,53.0,314036,2016-06-05 05:25:00,0,67.80541337577276,0.007704075787336321
68.9,0.0091,44.0,314036,2016-06-05 05:30:00,0,67.96960136940685,0.007913464419235872
67.9,0.0127,57.0,314036,2016-06-05 05:35:00,0,67.95916116399582,0.008631444756350491
64.4,0.0172,51.0,314036,2016-06-05 05:40:00,0,67.42528698939644,0.009916728042897918
66.6,0.0104,55.0,314036,2016-06-05 05:45:00,0,67.30149394098697,0.00998921883646323
68.1,0.0099,49.0,314036,2016-06-05 05:50:00,0,67.42126984983892,0.009975836010993746
67.7,0.008,38.0,314036,2016-06-05 05:55:00,0,67.46307937236308,0.009679460609344683
67.8,0.0081,39.0,314036,2016-06-05 06:00:00,0,67.51361746650862,0.009442541517942979
67.7,0.0096,48.0,314036,2016-06-05 06:05:00,0,67.54157484653233,0.009466160290251532
68.4,0.0089,46.0,314036,2016-06-05 06:10:00,0,67.67033861955248,0.009381236246713802
68.4,0.0115,55.0,314036,2016-06-05 06:15:00,0,67.77978782661961,0.00969905080970673
67.9,0.0103,52.0,314036,2016-06-05 06:20:00,0,67.79781965262667,0.009789193188250719
67.8,0.0087,41.0,314036,2016-06-05 06:25:00,0,67.79814670473267,0.009625814210013111
67.0,0.0138,58.0,314036,2016-06-05 06:30:00,0,67.67842469902277,0.010251942078511146
67.9,0.015,69.0,314036,2016-06-05 06:35:00,0,67.71166099416935,0.010964150766734473
68.5,0.0145,69.0,314036,2016-06-05 06:40:00,0,67.82991184504395,0.011494528151724302
68.5,0.0125,60.0,314036,2016-06-05 06:45:00,0,67.93042506828736,0.011645348928965656
68.1,0.0155,71.0,314036,2016-06-05 06:50:00,0,67.95586130804426,0.012223546589620809
68.5,0.0138,68.0,314036,2016-06-05 06:55:00,0,68.03748211183762,0.012460014601177686
67.3,0.0151,68.0,314036,2016-06-05 07:00:00,0,67.92685979506197,0.012856012411001032
67.9,0.0118,56.0,314036,2016-06-05 07:05:00,0,67.92283082580268,0.012697610549350875
68.6,0.0149,74.0,314036,2016-06-05 07:10:00,0,68.02440620193227,0.013027968966948245
68.4,0.0151,70.0,314036,2016-06-05 07:15:00,0,68.08074527164243,0.013338773621906008
68.4,0.0149,71.0,314036,2016-06-05 07:20:00,0,68.12863348089607,0.013572957578620107
68.1,0.0204,93.0,314036,2016-06-05 07:25:00,0,68.12433845876166,0.014597013941827091
68.5,0.0163,82.0,314036,2016-06-05 07:30:00,0,68.1806876899474,0.014852461850553026
68.4,0.0196,95.0,314036,2016-06-05 07:35:00,0,68.2135845364553,0.015564592572970073
67.6,0.0265,117.0,314036,2016-06-05 07:40:00,0,68.121546855987,0.017204903687024563
67.6,0.0219,100.0,314036,2016-06-05 07:45:00,0,68.04331482758894,0.01790916813397088
68.2,0.0164,80.0,314036,2016-06-05 07:50:00,0,68.0668176034506,0.017682792913875246
67.9,0.0149,72.0,314036,2016-06-05 07:55:00,0,68.04179496293301,0.01726537397679396
68.8,0.0173,87.0,314036,2016-06-05 08:00:00,0,68.15552571849305,0.017270567880274864
68.3,0.018000000000000002,81.0,314036,2016-06-05 08:05:00,0,68.17719686071909,0.017379982698233633
68.8,0.0172,83.0,314036,2016-06-05 08:10:00,0,68.27061733161122,0.017352985293498588
68.9,0.0211,100.0,314036,2016-06-05 08:15:00,0,68.36502473186954,0.0179150374994738
69.0,0.019,92.0,314036,2016-06-05 08:20:00,0,68.4602710220891,0.01807778187455273
68.6,0.0224,106.0,314036,2016-06-05 08:25:00,0,68.48123036877573,0.01872611459336982
68.2,0.0237,108.0,314036,2016-06-05 08:30:00,0,68.43904581345937,0.019472197404364348
68.2,0.0247,116.0,314036,2016-06-05 08:35:00,0,68.40318894144046,0.020256367793709696
68.9,0.0243,116.0,314036,2016-06-05 08:40:00,0,68.47771060022438,0.02086291262465324
68.4,0.0309,144.0,314036,2016-06-05 08:45:00,0,68.46605401019073,0.022368475730955253
67.9,0.0279,129.0,314036,2016-06-05 08:50:00,0,68.38114590866212,0.023198204371311967
69.2,0.0256,128.0,314036,2016-06-05 08:55:00,0,68.5039740223628,0.02355847371561517
69.2,0.0263,125.0,314036,2016-06-05 09:00:00,0,68.60837791900838,0.023969702658272897
69.7,0.0293,143.0,314036,2016-06-05 09:05:00,0,68.77212123115712,0.024769247259531963
68.8,0.036000000000000004,168.0,314036,2016-06-05 09:10:00,0,68.77630304648355,0.026453860170602167
68.9,0.037000000000000005,172.0,314036,2016-06-05 09:15:00,0,68.79485758951103,0.028035781145011842
67.4,0.0361,161.0,314036,2016-06-05 09:20:00,0,68.58562895108437,0.029245413973260064
67.3,0.0357,164.0,314036,2016-06-05 09:25:00,0,68.39278460842172,0.030213601877271054
68.3,0.0344,164.0,314036,2016-06-05 09:30:00,0,68.37886691715846,0.030841561595680397
68.2,0.0351,162.0,314036,2016-06-05 09:35:00,0,68.35203687958469,0.03148032735632834
68.8,0.04,192.0,314036,2016-06-05 09:40:00,0,68.41923134764698,0.03275827825287909
68.5,0.0386,177.0,314036,2016-06-05 09:45:00,0,68.43134664549994,0.03363453651494722
69.7,0.035,172.0,314036,2016-06-05 09:50:00,0,68.62164464867494,0.03383935603770514
68.6,0.0374,171.0,314036,2016-06-05 09:55:00,0,68.61839795137371,0.03437345263204937
68.5,0.0306,145.0,314036,2016-06-05 10:00:00,0,68.60063825866766,0.03380743473724196
68.2,0.0369,170.0,314036,2016-06-05 10:05:00,0,68.54054251986751,0.034271319526655665
67.0,0.0438,195.0,314036,2016-06-05 10:10:00,0,68.30946114188738,0.035700621597657314
67.6,0.035,163.0,314036,2016-06-05 10:15:00,0,68.20304197060427,0.035595528358008714
68.3,0.0387,182.0,314036,2016-06-05 10:20:00,0,68.21758567501364,0.036061199104307405
69.0,0.0376,181.0,314036,2016-06-05 10:25:00,0,68.33494782376158,0.036292019238661294
68.5,0.0397,182.0,314036,2016-06-05 10:30:00,0,68.35970565019734,0.0368032163528621
67.9,0.0423,195.0,314036,2016-06-05 10:35:00,0,68.29074980266773,0.03762773389993278
67.0,0.0496,221.0,314036,2016-06-05 10:40:00,0,68.09713733226758,0.03942357381494286
67.8,0.0416,194.0,314036,2016-06-05 10:45:00,0,68.05256673242744,0.03975003774270143
66.5,0.0443,193.0,314036,2016-06-05 10:50:00,0,67.81968172256332,0.04043253208129621
67.3,0.0432,198.0,314036,2016-06-05 10:55:00,0,67.74172946417882,0.04084765226910178
67.1,0.0458,208.0,314036,2016-06-05 11:00:00,0,67.645470044552,0.04159050442873651
68.8,0.0404,196.0,314036,2016-06-05 11:05:00,0,67.81864953786919,0.04141192876442604
68.7,0.0422,197.0,314036,2016-06-05 11:10:00,0,67.95085210718881,0.04153013944976213
68.7,0.0424,196.0,314036,2016-06-05 11:15:00,0,68.06322429111049,0.041660618532297806
70.0,0.0383,186.0,314036,2016-06-05 11:20:00,0,68.35374064744391,0.041156525752453134
67.7,0.0464,207.0,314036,2016-06-05 11:25:00,0,68.25567955032733,0.04194304688958517
67.8,0.0439,202.0,314036,2016-06-05 11:30:00,0,68.18732761777822,0.042236589856147394
69.2,0.0396,191.0,314036,2016-06-05 11:35:00,0,68.33922847511148,0.04184110137772529
67.7,0.044000000000000004,199.0,314036,2016-06-05 11:40:00,0,68.24334420384476,0.042164936171066494
69.2,0.0427,206.0,314036,2016-06-05 11:45:00,0,68.38684257326804,0.04224519574540652
69.0,0.0483,227.0,314036,2016-06-05 11:50:00,0,68.47881618727783,0.043153416383595544
68.1,0.0456,206.0,314036,2016-06-05 11:55:00,0,68.42199375918615,0.04352040392605621
68.7,0.0448,213.0,314036,2016-06-05 12:00:00,0,68.46369469530822,0.043712343337147776
69.1,0.0429,202.0,314036,2016-06-05 12:05:00,0,68.55914049101199,0.04359049183657561
68.7,0.0372,174.0,314036,2016-06-05 12:10:00,0,68.58026941736019,0.04263191806108927
67.6,0.0429,192.0,314036,2016-06-05 12:15:00,0,68.43322900475616,0.04267213035192588
69.1,0.0456,219.0,314036,2016-06-05 12:20:00,0,68.53324465404273,0.04311131079913699
68.9,0.0381,178.0,314036,2016-06-05 12:25:00,0,68.58825795593631,0.04235961417926644
68.0,0.0473,218.0,314036,2016-06-05 12:30:00,0,68.50001926254586,0.04310067205237647
63.5,0.0839,235.0,314036,2016-06-05 12:35:00,0,67.75001637316399,0.04922057124452
66.6,0.0413,197.0,314036,2016-06-05 12:40:00,0,67.57751391718939,0.048032485557841995
67.7,0.0414,198.0,314036,2016-06-05 12:45:00,0,67.59588682961098,0.04703761272416569
68.3,0.0434,204.0,314036,2016-06-05 12:50:00,0,67.70150380516932,0.04649197081554084
67.3,0.0437,197.0,314036,2016-06-05 12:55:00,0,67.64127823439392,0.046073175193209706
68.4,0.0448,212.0,314036,2016-06-05 13:00:00,0,67.75508649923484,0.04588219891422825
68.0,0.0383,178.0,314036,2016-06-05 13:05:00,0,67.79182352434961,0.04474486907709401
68.0,0.0542,251.0,314036,2016-06-05 13:10:00,0,67.82304999569716,0.046163138715529906
68.0,0.0492,230.0,314036,2016-06-05 13:15:00,0,67.84959249634258,0.04661866790820041
67.3,0.0579,263.0,314036,2016-06-05 13:20:00,0,67.7671536218912,0.04831086772197035
69.0,0.0437,212.0,314036,2016-06-05 13:25:00,0,67.95208057860751,0.047619237563674796
68.3,0.0426,197.0,314036,2016-06-05 13:30:00,0,68.00426849181638,0.04686635192912358
68.4,0.0455,214.0,314036,2016-06-05 13:35:00,0,68.06362821804392,0.04666139913975504
67.7,0.0533,244.0,314036,2016-06-05 13:40:00,0,68.00908398533733,0.04765718926879178
68.5,0.0455,216.0,314036,2016-06-05 13:45:00,0,68.08272138753672,0.047333610878473015
67.7,0.0447,206.0,314036,2016-06-05 13:50:00,0,68.02531317940621,0.04693856924670206
67.8,0.0335,156.0,314036,2016-06-05 13:55:00,0,67.99151620249528,0.04492278385969675
67.8,0.0454,209.0,314036,2016-06-05 14:00:00,0,67.96278877212099,0.04499436628074224
67.9,0.0453,208.0,314036,2016-06-05 14:05:00,0,67.95337045630284,0.045040211338630905
66.5,0.0482,214.0,314036,2016-06-05 14:10:00,0,67.7353648878574,0.04551417963783627
67.3,0.0433,201.0,314036,2016-06-05 14:15:00,0,67.6700601546788,0.04518205269216083
68.1,0.0432,204.0,314036,2016-06-05 14:20:00,0,67.73455113147698,0.044884744788336706
68.6,0.0485,230.0,314036,2016-06-05 14:25:00,0,67.86436846175542,0.04542703307008619
68.6,0.0371,175.0,314036,2016-06-05 14:30:00,0,67.9747131924921,0.04417797810957326
67.7,0.0433,196.0,314036,2016-06-05 14:35:00,0,67.93350621361829,0.04404628139313727
68.1,0.0404,190.0,314036,2016-06-05 14:40:00,0,67.95848028157555,0.04349933918416668
68.9,0.0429,204.0,314036,2016-06-05 14:45:00,0,68.09970823933921,0.043409438306541676
67.6,0.0454,200.0,314036,2016-06-05 14:50:00,0,68.02475200343832,0.04370802256056042
66.4,0.0492,219.0,314036,2016-06-05 14:55:00,0,67.78103920292257,0.04453181917647635
67.5,0.0401,187.0,314036,2016-06-05 15:00:00,0,67.73888332248418,0.043867046300004896
67.8,0.0478,224.0,314036,2016-06-05 15:05:00,0,67.74805082411156,0.04445698935500416
68.6,0.0379,183.0,314036,2016-06-05 15:10:00,0,67.87584320049481,0.04347344095175354
68.9,0.0382,183.0,314036,2016-06-05 15:15:00,0,68.0294667204206,0.0426824248089905
68.4,0.0475,220.0,314036,2016-06-05 15:20:00,0,68.08504671235751,0.04340506108764192
67.9,0.0378,174.0,314036,2016-06-05 15:25:00,0,68.05728970550388,0.04256430192449564
68.5,0.0439,209.0,314036,2016-06-05 15:30:00,0,68.12369624967829,0.04276465663582129
68.8,0.0419,199.0,314036,2016-06-05 15:35:00,0,68.22514181222654,0.04263495814044809
67.5,0.0467,213.0,314036,2016-06-05 15:40:00,0,68.11637054039255,0.043244714419380874
67.3,0.0385,176.0,314036,2016-06-05 15:45:00,0,67.99391495933367,0.04253300725647374
67.4,0.0419,195.0,314036,2016-06-05 15:50:00,0,67.90482771543361,0.042438056168002676
69.1,0.0345,169.0,314036,2016-06-05 15:55:00,0,68.08410355811857,0.041247347742802275
69.7,0.0378,184.0,314036,2016-06-05 16:00:00,0,68.32648802440079,0.040730245581381934
69.1,0.0431,205.0,314036,2016-06-05 16:05:00,0,68.44251482074067,0.041085708744174644
69.4,0.0408,197.0,314036,2016-06-05 16:10:00,0,68.58613759762957,0.041042852432548446
68.7,0.0503,236.0,314036,2016-06-05 16:15:00,0,68.60321695798513,0.04243142456766617
68.8,0.0453,214.0,314036,2016-06-05 16:20:00,0,68.63273441428736,0.04286171088251625
67.5,0.0473,216.0,314036,2016-06-05 16:25:00,0,68.46282425214426,0.04352745425013881
68.1,0.0407,195.0,314036,2016-06-05 16:30:00,0,68.40840061432262,0.04310333611261799
67.9,0.0418,198.0,314036,2016-06-05 16:35:00,0,68.33214052217421,0.04290783569572529
67.2,0.0462,211.0,314036,2016-06-05 16:40:00,0,68.16231944384808,0.04340166034136649
68.3,0.0413,199.0,314036,2016-06-05 16:45:00,0,68.18297152727087,0.04308641129016152
69.0,0.0422,203.0,314036,2016-06-05 16:50:00,0,68.30552579818023,0.04295344959663729
69.5,0.0411,200.0,314036,2016-06-05 16:55:00,0,68.48469692845319,0.042675432157141695
68.1,0.0388,181.0,314036,2016-06-05 17:00:00,0,68.42699238918522,0.042094117333570436
68.3,0.0389,188.0,314036,2016-06-05 17:05:00,0,68.40794353080743,0.04161499973353487
67.8,0.0417,197.0,314036,2016-06-05 17:10:00,0,68.31675200118632,0.04162774977350464
68.1,0.0359,171.0,314036,2016-06-05 17:15:00,0,68.28423920100836,0.04076858730747895
67.9,0.0357,170.0,314036,2016-06-05 17:20:00,0,68.22660332085711,0.0400082992113571
68.8,0.0382,185.0,314036,2016-06-05 17:25:00,0,68.31261282272854,0.039737054329653534
68.6,0.0324,156.0,314036,2016-06-05 17:30:00,0,68.35572089931927,0.03863649618020551
67.9,0.0376,175.0,314036,2016-06-05 17:35:00,0,68.28736276442137,0.03848102175317468
66.4,0.0415,182.0,314036,2016-06-05 17:40:00,0,68.00425834975817,0.038933868490198476
68.2,0.0352,173.0,314036,2016-06-05 17:45:00,0,68.03361959729445,0.0383737882166687
68.2,0.040999999999999995,196.0,314036,2016-06-05 17:50:00,0,68.05857665770027,0.03876771998416839
69.0,0.0329,162.0,314036,2016-06-05 17:55:00,0,68.19979015904522,0.03788756198654313
68.2,0.0294,136.0,314036,2016-06-05 18:00:00,0,68.19982163518844,0.03661442768856166
67.5,0.0352,165.0,314036,2016-06-05 18:05:00,0,68.09484838991017,0.03640226353527741
67.4,0.0322,153.0,314036,2016-06-05 18:10:00,0,67.99062113142365,0.0357719240049858
68.7,0.0312,153.0,314036,2016-06-05 18:15:00,0,68.0970279617101,0.035086135404237925
68.2,0.0325,156.0,314036,2016-06-05 18:20:00,0,68.11247376745358,0.034698215093602235
68.8,0.0327,162.0,314036,2016-06-05 18:25:00,0,68.21560270233553,0.0343984828295619
68.5,0.0355,172.0,314036,2016-06-05 18:30:00,0,68.25826229698521,0.03456371040512761
67.6,0.0347,160.0,314036,2016-06-05 18:35:00,0,68.15952295243743,0.034584153844358465
68.0,0.0312,152.0,314036,2016-06-05 18:40:00,0,68.13559450957182,0.03407653076770469
68.3,0.0247,119.0,314036,2016-06-05 18:45:00,0,68.16025533313605,0.032670051152548986
68.2,0.0254,119.0,314036,2016-06-05 18:50:00,0,68.16621703316564,0.031579543479666634
67.0,0.0313,141.0,314036,2016-06-05 18:55:00,0,67.99128447819079,0.031537611957716635
67.5,0.0267,128.0,314036,2016-06-05 19:00:00,0,67.91759180646217,0.030811970164059142
68.3,0.0274,131.0,314036,2016-06-05 19:05:00,0,67.97495303549285,0.03030017463945027
68.3,0.0281,134.0,314036,2016-06-05 19:10:00,0,68.02371008016891,0.02997014844353273
67.1,0.0324,150.0,314036,2016-06-05 19:15:00,0,67.88515356814358,0.03033462617700282
68.3,0.0231,115.0,314036,2016-06-05 19:20:00,0,67.94738053292204,0.029249432250452394
67.7,0.0261,119.0,314036,2016-06-05 19:25:00,0,67.91027345298373,0.028777017412884534
67.5,0.0282,131.0,314036,2016-06-05 19:30:00,0,67.84873243503617,0.028690464800951852
68.0,0.0253,125.0,314036,2016-06-05 19:35:00,0,67.87142256978075,0.028181895080809073
67.7,0.0273,128.0,314036,2016-06-05 19:40:00,0,67.84570918431363,0.02804961081868771
68.3,0.0295,141.0,314036,2016-06-05 19:45:00,0,67.91385280666658,0.028267169195884553
68.3,0.0245,119.0,314036,2016-06-05 19:50:00,0,67.97177488566659,0.02770209381650187
67.5,0.0302,141.0,314036,2016-06-05 19:55:00,0,67.9010086528166,0.02807677974402659
68.4,0.0294,138.0,314036,2016-06-05 20:00:00,0,67.9758573548941,0.0282752627824226
68.5,0.0257,121.0,314036,2016-06-05 20:05:00,0,68.05447875165999,0.027888973365059213
69.0,0.0268,131.0,314036,2016-06-05 20:10:00,0,68.19630693891098,0.02772562736030033
69.0,0.022000000000000002,107.0,314036,2016-06-05 20:15:00,0,68.31686089807432,0.026866783256255283
68.9,0.0229,109.0,314036,2016-06-05 20:20:00,0,68.40433176336317,0.02627176576781699
69.1,0.0235,109.0,314036,2016-06-05 20:25:00,0,68.50868199885869,0.025856000902644442
69.1,0.0266,129.0,314036,2016-06-05 20:30:00,0,68.59737969902989,0.025967600767247776
69.8,0.0215,104.0,314036,2016-06-05 20:35:00,0,68.7777727441754,0.025297460652160608
68.6,0.0258,119.0,314036,2016-06-05 20:40:00,0,68.75110683254908,0.025372841554336514
68.5,0.0218,99.0,314036,2016-06-05 20:45:00,0,68.71344080766673,0.024836915321186034
68.8,0.0246,120.0,314036,2016-06-05 20:50:00,0,68.72642468651671,0.024801378023008126
68.6,0.0255,115.0,314036,2016-06-05 20:55:00,0,68.70746098353919,0.024906171319556903
68.8,0.0243,117.0,314036,2016-06-05 21:00:00,0,68.7213418360083,0.024815245621623367
68.4,0.0197,90.0,314036,2016-06-05 21:05:00,0,68.67314056060707,0.024047958778379862
56.6,0.0585,116.0,314036,2016-06-05 21:10:00,0,66.862169476516,0.029215764961622884
62.0,0.0228,110.0,314036,2016-06-05 21:15:00,0,66.1328440550386,0.02825340021737945
65.6,0.0216,100.0,314036,2016-06-05 21:20:00,0,66.05291744678281,0.02725539018477253
66.5,0.0252,117.0,314036,2016-06-05 21:25:00,0,66.11997982976538,0.02694708165705665
67.7,0.0235,112.0,314036,2016-06-05 21:30:00,0,66.35698285530057,0.02643001940849815
68.2,0.0184,88.0,314036,2016-06-05 21:35:00,0,66.63343542700548,0.025225516497223426
68.8,0.0175,83.0,314036,2016-06-05 21:40:00,0,66.95842011295466,0.02406668902263991
68.2,0.0208,96.0,314036,2016-06-05 21:45:00,0,67.14465709601146,0.023576685669243924
68.7,0.0202,93.0,314036,2016-06-05 21:50:00,0,67.37795853160974,0.023070182818857338
68.9,0.0193,95.0,314036,2016-06-05 21:55:00,0,67.60626475186828,0.022504655396028736
68.7,0.0168,80.0,314036,2016-06-05 22:00:00,0,67.77032503908804,0.021648957086624426
68.5,0.017,77.0,314036,2016-06-05 22:05:00,0,67.87977628322483,0.02095161352363076
68.2,0.0188,86.0,314036,2016-06-05 22:10:00,0,67.9278098407411,0.020628871495086146
68.0,0.017,77.0,314036,2016-06-05 22:15:00,0,67.93863836462994,0.020084540770823223
69.1,0.0159,76.0,314036,2016-06-05 22:20:00,0,68.11284260993544,0.01945685965519974
68.4,0.0189,89.0,314036,2016-06-05 22:25:00,0,68.15591621844513,0.01937333070691978
68.4,0.018000000000000002,83.0,314036,2016-06-05 22:30:00,0,68.19252878567836,0.019167331100881813
68.4,0.0167,78.0,314036,2016-06-05 22:35:00,0,68.2236494678266,0.01879723143574954
68.3,0.0112,54.0,314036,2016-06-05 22:40:00,0,68.23510204765262,0.01765764672038711
68.8,0.0167,81.0,314036,2016-06-05 22:45:00,0,68.31983674050473,0.017513999712329042
68.9,0.0124,58.0,314036,2016-06-05 22:50:00,0,68.40686122942901,0.016746899755479685
68.9,0.0118,56.0,314036,2016-06-05 22:55:00,0,68.48083204501467,0.016004864792157732
69.1,0.013000000000000001,63.0,314036,2016-06-05 23:00:00,0,68.57370723826246,0.015554135073334072
69.1,0.0145,68.0,314036,2016-06-05 23:05:00,0,68.65265115252309,0.01539601481233396
69.3,0.0114,59.0,314036,2016-06-05 23:10:00,0,68.74975347964462,0.014796612590483866
68.9,0.0129,59.0,314036,2016-06-05 23:15:00,0,68.77229045769792,0.014512120701911284
69.1,0.0106,50.0,314036,2016-06-05 23:20:00,0,68.82144688904323,0.01392530259662459
69.1,0.0102,46.0,314036,2016-06-05 23:25:00,0,68.86322985568674,0.013366507207130902
68.8,0.0087,44.0,314036,2016-06-05 23:30:00,0,68.85374537733372,0.012666531126061267
68.6,0.0096,47.0,314036,2016-06-05 23:35:00,0,68.81568357073365,0.012206551457152078
68.5,0.0082,38.0,314036,2016-06-05 23:40:00,0,68.76833103512361,0.011605568738579266
68.4,0.0093,44.0,314036,2016-06-05 23:45:00,0,68.71308137985507,0.011259733427792375
68.7,0.0082,39.0,314036,2016-06-05 23:50:00,0,68.7111191728768,0.010800773413623519
68.8,0.0115,55.0,314036,2016-06-05 23:55:00,0,68.72445129694528,0.01090565740157999
68.6,0.006,26.0,314036,2016-06-06 00:00:00,0,68.70578360240347,0.010169808791342992
68.6,0.0101,50.0,314036,2016-06-06 00:05:00,0,68.68991606204295,0.010159337472641541
68.4,0.0116,54.0,314036,2016-06-06 00:10:00,0,68.64642865273652,0.01037543685174531
68.9,0.0058,28.0,314036,2016-06-06 00:15:00,0,68.68446435482605,0.009689121323983512
69.7,0.0054,28.0,314036,2016-06-06 00:20:00,0,68.83679470160214,0.009045753125385985
68.6,0.0068,34.0,314036,2016-06-06 00:25:00,0,68.80127549636182,0.008708890156578086
68.6,0.0058,27.0,314036,2016-06-06 00:30:00,0,68.77108417190755,0.008272556633091373
67.1,0.0055,25.0,314036,2016-06-06 00:35:00,0,68.52042154612141,0.007856673138127667
68.5,0.006,26.0,314036,2016-06-06 00:40:00,0,68.51735831420321,0.007578172167408517
67.9,0.0063,31.0,314036,2016-06-06 00:45:00,0,68.42475456707272,0.007386446342297239
67.7,0.0064,25.0,314036,2016-06-06 00:50:00,0,68.31604138201182,0.007238479390952653
67.2,0.0075,30.0,314036,2016-06-06 00:55:00,0,68.14863517471005,0.007277707482309755
66.8,0.0037,17.0,314036,2016-06-06 01:00:00,0,67.94633989850354,0.0067410513599632915
68.5,0.0064,27.0,314036,2016-06-06 01:05:00,0,68.02938891372801,0.006689893655968797
67.9,0.0053,20.0,314036,2016-06-06 01:10:00,0,68.00998057666881,0.006481409607573477
67.9,0.0044,21.0,314036,2016-06-06 01:15:00,0,67.99348349016849,0.006169198166437456
68.1,0.0053,19.0,314036,2016-06-06 01:20:00,0,68.00946096664322,0.006038818441471837
68.0,0.0045,19.0,314036,2016-06-06 01:25:00,0,68.00804182164673,0.0058079956752510615
67.8,0.0054,22.0,314036,2016-06-06 01:30:00,0,67.97683554839972,0.005746796323963402
66.5,0.0068,21.0,314036,2016-06-06 01:35:00,0,67.75531021613976,0.0059047768753688916
67.3,0.0035,17.0,314036,2016-06-06 01:40:00,0,67.68701368371879,0.005544060344063558
67.7,0.0046,17.0,314036,2016-06-06 01:45:00,0,67.68896163116096,0.005402451292454024
68.0,0.0023,7.0,314036,2016-06-06 01:50:00,0,67.73561738648682,0.00493708359858592
67.6,0.0025,12.0,314036,2016-06-06 01:55:00,0,67.71527477851379,0.004571521058798032
69.1,0.0038,12.0,314036,2016-06-06 02:00:00,0,67.92298356173671,0.004455792899978327
67.8,0.0016,8.0,314036,2016-06-06 02:05:00,0,67.9045360274762,0.004027423964981578
66.9,0.0032,14.0,314036,2016-06-06 02:10:00,0,67.75385562335477,0.003903310370234341
66.5,0.0041,16.0,314036,2016-06-06 02:15:00,0,67.56577727985155,0.0039328138146991895
68.5,0.0026,13.0,314036,2016-06-06 02:20:00,0,67.70591068787381,0.003732891742494311
66.4,0.0025,12.0,314036,2016-06-06 02:25:00,0,67.51002408469273,0.0035479579811201643
67.3,0.0025,10.0,314036,2016-06-06 02:30:00,0,67.47852047198882,0.0033907642839521397
69.1,0.0019,9.0,314036,2016-06-06 02:35:00,0,67.7217424011905,0.0031671496413593187
67.5,0.0021,7.0,314036,2016-06-06 02:40:00,0,67.68848104101193,0.003007077195155421
68.1,0.0035,16.0,314036,2016-06-06 02:45:00,0,67.75020888486013,0.0030810156158821073
67.9,0.0019,10.0,314036,2016-06-06 02:50:00,0,67.7726775521311,0.0029038632734997914
67.6,0.0024,9.0,314036,2016-06-06 02:55:00,0,67.74677591931143,0.002828283782474823
65.8,0.0022,7.0,314036,2016-06-06 03:00:00,0,67.45475953141472,0.0027340412151035994
68.8,0.0016,8.0,314036,2016-06-06 03:05:00,0,67.6565456017025,0.00256393503283806
66.3,0.0055,17.0,314036,2016-06-06 03:10:00,0,67.45306376144713,0.0030043447779123504
67.6,0.0018,8.0,314036,2016-06-06 03:15:00,0,67.47510419723005,0.0028236930612254977
66.0,0.0043,11.0,314036,2016-06-06 03:20:00,0,67.25383856764554,0.0030451391020416734
66.8,0.0054,16.0,314036,2016-06-06 03:25:00,0,67.18576278249871,0.003398368236735422
66.7,0.0028,14.0,314036,2016-06-06 03:30:00,0,67.1128983651239,0.0033086130012251087
66.8,0.0037,15.0,314036,2016-06-06 03:35:00,0,67.06596361035531,0.003367321051041342
67.7,0.005,25.0,314036,2016-06-06 03:40:00,0,67.16106906880201,0.003612222893385141
68.2,0.0058,25.0,314036,2016-06-06 03:45:00,0,67.3169087084817,0.003940389459377369
68.1,0.0034,18.0,314036,2016-06-06 03:50:00,0,67.43437240220945,0.003859331040470764
67.4,0.0047,13.0,314036,2016-06-06 03:55:00,0,67.42921654187803,0.003985431384400149
64.6,0.0078,20.0,314036,2016-06-06 04:00:00,0,67.00483406059632,0.004557616676740126
68.2,0.0027,14.0,314036,2016-06-06 04:05:00,0,67.18410895150687,0.004278974175229108
66.3,0.0058,22.0,314036,2016-06-06 04:10:00,0,67.05149260878083,0.0045071280489447415
67.2,0.0043,21.0,314036,2016-06-06 04:15:00,0,67.07376871746371,0.00447605884160303
67.7,0.0068,27.0,314036,2016-06-06 04:20:00,0,67.16770340984415,0.004824650015362576
66.9,0.0099,37.0,314036,2016-06-06 04:25:00,0,67.12754789836752,0.00558595251305819
67.0,0.0065,30.0,314036,2016-06-06 04:30:00,0,67.10841571361239,0.005723059636099461
66.8,0.0155,58.0,314036,2016-06-06 04:35:00,0,67.06215335657053,0.007189600690684542
67.5,0.0098,45.0,314036,2016-06-06 04:40:00,0,67.12783035308496,0.0075811605870818605
68.1,0.0164,72.0,314036,2016-06-06 04:45:00,0,67.27365580012221,0.008903986499019582
68.1,0.0155,65.0,314036,2016-06-06 04:50:00,0,67.39760743010388,0.009893388524166644
68.4,0.0111,50.0,314036,2016-06-06 04:55:00,0,67.5479663155883,0.010074380245541647
67.8,0.0114,48.0,314036,2016-06-06 05:00:00,0,67.58577136825005,0.0102732232087104
67.7,0.0118,52.0,314036,2016-06-06 05:05:00,0,67.60290566301254,0.010502239727403839
68.0,0.0194,80.0,314036,2016-06-06 05:10:00,0,67.66246981356065,0.011836903768293262
68.4,0.0206,95.0,314036,2016-06-06 05:15:00,0,67.77309934152655,0.013151368203049272
68.6,0.0218,104.0,314036,2016-06-06 05:20:00,0,67.89713444029756,0.014448662972591881
67.2,0.0275,118.0,314036,2016-06-06 05:25:00,0,67.79256427425292,0.016406363526703098
64.6,0.0323,127.0,314036,2016-06-06 05:30:00,0,67.31367963311499,0.018790408997697634
65.7,0.0303,141.0,314036,2016-06-06 05:35:00,0,67.07162768814774,0.02051684764804299
67.0,0.0338,158.0,314036,2016-06-06 05:40:00,0,67.06088353492558,0.022509320500836538
67.2,0.0392,180.0,314036,2016-06-06 05:45:00,0,67.08175100468674,0.025012922425711057
67.9,0.0321,151.0,314036,2016-06-06 05:50:00,0,67.20448835398372,0.026075984061854397
66.8,0.0281,119.0,314036,2016-06-06 05:55:00,0,67.14381510088616,0.026379586452576237
65.3,0.031,130.0,314036,2016-06-06 06:00:00,0,66.86724283575323,0.0270726484846898
64.4,0.0356,146.0,314036,2016-06-06 06:05:00,0,66.49715641039025,0.02835175121198633
62.9,0.0356,144.0,314036,2016-06-06 06:10:00,0,65.9575829488317,0.02943898853018838
63.2,0.0388,165.0,314036,2016-06-06 06:15:00,0,65.54394550650694,0.03084314025066012
64.6,0.0461,207.0,314036,2016-06-06 06:20:00,0,65.40235368053091,0.0331316692130611
63.3,0.0503,214.0,314036,2016-06-06 06:25:00,0,65.08700062845126,0.035706918831101934
62.2,0.0624,260.0,314036,2016-06-06 06:30:00,0,64.65395053418358,0.03971088100643664
63.5,0.0581,262.0,314036,2016-06-06 06:35:00,0,64.48085795405605,0.042469248855471146
62.6,0.0673,293.0,314036,2016-06-06 06:40:00,0,64.19872926094763,0.04619386152715047
61.9,0.0681,292.0,314036,2016-06-06 06:45:00,0,63.85391987180549,0.049479782298077896
61.7,0.0637,268.0,314036,2016-06-06 06:50:00,0,63.530831891034666,0.05161281495336621
63.5,0.0488,215.0,314036,2016-06-06 06:55:00,0,63.52620710737946,0.05119089271036128
63.9,0.0601,251.0,314036,2016-06-06 07:00:00,0,63.58227604127254,0.05252725880380709
64.7,0.0521,232.0,314036,2016-06-06 07:05:00,0,63.74993463508166,0.052463169983236024
65.5,0.0554,245.0,314036,2016-06-06 07:10:00,0,64.0124444398194,0.052903694485750614
64.3,0.0666,281.0,314036,2016-06-06 07:15:00,0,64.0555777738465,0.05495814031288802
64.1,0.0712,309.0,314036,2016-06-06 07:20:00,0,64.06224110776952,0.057394419265954816
63.7,0.0737,314.0,314036,2016-06-06 07:25:00,0,64.0079049416041,0.05984025637606159
63.7,0.071,308.0,314036,2016-06-06 07:30:00,0,63.96171920036348,0.06151421791965235
65.3,0.0765,355.0,314036,2016-06-06 07:35:00,0,64.16246132030896,0.0637620852317045
64.1,0.073,313.0,314036,2016-06-06 07:40:00,0,64.15309212226262,0.06514777244694882
64.3,0.0751,336.0,314036,2016-06-06 07:45:00,0,64.17512830392323,0.06664060657990649
64.6,0.0672,300.0,314036,2016-06-06 07:50:00,0,64.23885905833474,0.0667245155929205
63.8,0.0682,295.0,314036,2016-06-06 07:55:00,0,64.17303019958452,0.06694583825398243
63.5,0.0684,288.0,314036,2016-06-06 08:00:00,0,64.07207566964684,0.06716396251588506
63.7,0.0716,298.0,314036,2016-06-06 08:05:00,0,64.0162643191998,0.0678293681385023
63.2,0.075,322.0,314036,2016-06-06 08:10:00,0,63.893824671319834,0.06890496291772695
63.9,0.0734,319.0,314036,2016-06-06 08:15:00,0,63.89475097062186,0.06957921848006791
64.2,0.0734,314.0,314036,2016-06-06 08:20:00,0,63.94053832502858,0.07015233570805773
64.9,0.0621,269.0,314036,2016-06-06 08:25:00,0,64.08445757627429,0.06894448535184908
64.3,0.0638,275.0,314036,2016-06-06 08:30:00,0,64.11678893983314,0.06817281254907172
63.9,0.0616,261.0,314036,2016-06-06 08:35:00,0,64.08427059885817,0.06718689066671096
64.1,0.0608,267.0,314036,2016-06-06 08:40:00,0,64.08663000902943,0.06622885706670431
63.5,0.0696,286.0,314036,2016-06-06 08:45:00,0,63.99863550767502,0.06673452850669867
64.4,0.055999999999999994,247.0,314036,2016-06-06 08:50:00,0,64.05884018152376,0.06512434923069386
63.7,0.0583,247.0,314036,2016-06-06 08:55:00,0,64.0050141542952,0.06410069684608978
64.1,0.0511,219.0,314036,2016-06-06 09:00:00,0,64.01926203115092,0.06215059231917631
63.5,0.0633,260.0,314036,2016-06-06 09:05:00,0,63.94137272647828,0.062323003471299855
63.6,0.0497,212.0,314036,2016-06-06 09:10:00,0,63.89016681750653,0.06042955295060487
63.4,0.0493,206.0,314036,2016-06-06 09:15:00,0,63.816641794880546,0.05876012000801414
62.3,0.0564,219.0,314036,2016-06-06 09:20:00,0,63.58914552564846,0.05840610200681201
63.0,0.0425,180.0,314036,2016-06-06 09:25:00,0,63.50077369680119,0.056020186705790204
65.0,0.0455,201.0,314036,2016-06-06 09:30:00,0,63.72565764228101,0.05444215869992167
64.6,0.0514,222.0,314036,2016-06-06 09:35:00,0,63.856808995938856,0.053985834894933415
64.4,0.0475,196.0,314036,2016-06-06 09:40:00,0,63.93828764654802,0.0530129596606934
66.0,0.0465,210.0,314036,2016-06-06 09:45:00,0,64.24754449956582,0.05203601571158939
64.8,0.0491,207.0,314036,2016-06-06 09:50:00,0,64.33041282463094,0.051595613354850973
64.4,0.0382,161.0,314036,2016-06-06 09:55:00,0,64.3408509009363,0.04958627135162332
65.5,0.0422,183.0,314036,2016-06-06 10:00:00,0,64.51472326579585,0.048478330648879825
64.3,0.0441,182.0,314036,2016-06-06 10:05:00,0,64.48251477592648,0.04782158105154785
65.2,0.0418,177.0,314036,2016-06-06 10:10:00,0,64.5901375595375,0.04691834389381567
64.4,0.0438,183.0,314036,2016-06-06 10:15:00,0,64.56161692560687,0.04645059230974331
66.4,0.0433,197.0,314036,2016-06-06 10:20:00,0,64.83737438676584,0.04597800346328182
64.8,0.0404,163.0,314036,2016-06-06 10:25:00,0,64.83176822875097,0.04514130294378954
65.3,0.0446,192.0,314036,2016-06-06 10:30:00,0,64.90200299443832,0.04506010750222111
65.1,0.0443,189.0,314036,2016-06-06 10:35:00,0,64.93170254527257,0.04494609137688794
63.5,0.0483,195.0,314036,2016-06-06 10:40:00,0,64.71694716348169,0.04544917767035475
63.2,0.0497,205.0,314036,2016-06-06 10:45:00,0,64.48940508895943,0.04608680101980153
65.3,0.0337,153.0,314036,2016-06-06 10:50:00,0,64.61099432561551,0.044228780866831297
64.0,0.0487,193.0,314036,2016-06-06 10:55:00,0,64.51934517677317,0.0448994637368066
66.6,0.0379,177.0,314036,2016-06-06 11:00:00,0,64.83144340025719,0.043849544176285615
66.1,0.0439,188.0,314036,2016-06-06 11:05:00,0,65.0217268902186,0.04385711254984277
64.9,0.0483,198.0,314036,2016-06-06 11:10:00,0,65.00346785668582,0.044523545667366354
62.5,0.0479,189.0,314036,2016-06-06 11:15:00,0,64.62794767818295,0.0450300138172614
61.8,0.0476,186.0,314036,2016-06-06 11:20:00,0,64.20375552645551,0.04541551174467219
62.0,0.0492,200.0,314036,2016-06-06 11:25:00,0,63.87319219748718,0.04598318498297136
64.0,0.0448,196.0,314036,2016-06-06 11:30:00,0,63.8922133678641,0.045805707235525656
63.5,0.0452,182.0,314036,2016-06-06 11:35:00,0,63.833381362684484,0.04571485115019681
64.1,0.0473,206.0,314036,2016-06-06 11:40:00,0,63.873374158281806,0.045952623477667286
65.0,0.045,194.0,314036,2016-06-06 11:45:00,0,64.04236803453954,0.04580972995601719
65.0,0.0412,177.0,314036,2016-06-06 11:50:00,0,64.1860128293586,0.04511827046261461
65.7,0.0389,171.0,314036,2016-06-06 11:55:00,0,64.4131109049548,0.044185529893222414
66.6,0.0408,182.0,314036,2016-06-06 12:00:00,0,64.74114426921159,0.04367770040923905
66.2,0.0436,187.0,314036,2016-06-06 12:05:00,0,64.95997262882985,0.04366604534785319
66.1,0.0442,191.0,314036,2016-06-06 12:10:00,0,65.13097673450537,0.04374613854567522
65.4,0.0438,188.0,314036,2016-06-06 12:15:00,0,65.17133022432957,0.04375421776382393
65.4,0.0432,190.0,314036,2016-06-06 12:20:00,0,65.20563069068012,0.04367108509925034
65.0,0.0457,197.0,314036,2016-06-06 12:25:00,0,65.1747860870781,0.04397542233436279
63.9,0.0511,203.0,314036,2016-06-06 12:30:00,0,64.98356817401638,0.04504410898420837
66.3,0.0425,196.0,314036,2016-06-06 12:35:00,0,65.18103294791392,0.04466249263657711
66.4,0.0415,182.0,314036,2016-06-06 12:40:00,0,65.36387800572683,0.04418811874109054
66.0,0.0458,201.0,314036,2016-06-06 12:45:00,0,65.4592963048678,0.04442990092992696
66.1,0.0372,161.0,314036,2016-06-06 12:50:00,0,65.55540185913763,0.04334541579043792
65.3,0.0439,190.0,314036,2016-06-06 12:55:00,0,65.51709158026698,0.043428603421872235
65.5,0.0457,198.0,314036,2016-06-06 13:00:00,0,65.51452784322693,0.0437693129085914
65.8,0.0421,185.0,314036,2016-06-06 13:05:00,0,65.55734866674288,0.04351891597230269
64.5,0.0503,207.0,314036,2016-06-06 13:10:00,0,65.39874636673144,0.04453607857645728
63.1,0.0514,208.0,314036,2016-06-06 13:15:00,0,65.05393441172173,0.04556566678998868
64.5,0.0515,228.0,314036,2016-06-06 13:20:00,0,64.97084424996346,0.04645581677149038
65.4,0.046,203.0,314036,2016-06-06 13:25:00,0,65.03521761246894,0.046387444255766824
65.1,0.0517,222.0,314036,2016-06-06 13:30:00,0,65.04493497059859,0.047184327617401794
65.3,0.0438,193.0,314036,2016-06-06 13:35:00,0,65.0831947250088,0.046676678474791525
64.0,0.051,210.0,314036,2016-06-06 13:40:00,0,64.92071551625747,0.047325176703572794
64.3,0.0525,222.0,314036,2016-06-06 13:45:00,0,64.82760818881886,0.048101400198036874
65.3,0.0502,225.0,314036,2016-06-06 13:50:00,0,64.89846696049602,0.04841619016833135
64.7,0.0464,196.0,314036,2016-06-06 13:55:00,0,64.86869691642163,0.04811376164308164
65.1,0.0401,174.0,314036,2016-06-06 14:00:00,0,64.90339237895837,0.04691169739661939
67.1,0.0357,173.0,314036,2016-06-06 14:05:00,0,65.23288352211462,0.045229942787126484
66.4,0.0463,203.0,314036,2016-06-06 14:10:00,0,65.40795099379743,0.04539045136905751
65.8,0.0544,241.0,314036,2016-06-06 14:15:00,0,65.46675834472781,0.046741883663698885
66.6,0.0432,196.0,314036,2016-06-06 14:20:00,0,65.63674459301863,0.04621060111414405
67.1,0.0365,165.0,314036,2016-06-06 14:25:00,0,65.85623290406583,0.04475401094702244
65.5,0.0507,216.0,314036,2016-06-06 14:30:00,0,65.80279796845596,0.045645909304969076
65.2,0.0544,237.0,314036,2016-06-06 14:35:00,0,65.71237827318757,0.04695902290922371
66.7,0.0484,223.0,314036,2016-06-06 14:40:00,0,65.86052153220943,0.04717516947284016
66.8,0.0539,244.0,314036,2016-06-06 14:45:00,0,66.00144330237802,0.04818389405191414
67.4,0.0516,239.0,314036,2016-06-06 14:50:00,0,66.21122680702132,0.04869630994412701
66.8,0.0561,252.0,314036,2016-06-06 14:55:00,0,66.29954278596811,0.04980686345250796
66.5,0.0626,287.0,314036,2016-06-06 15:00:00,0,66.32961136807289,0.05172583393463177
65.1,0.0687,297.0,314036,2016-06-06 15:05:00,0,66.14516966286195,0.054271958844437
65.1,0.0687,307.0,314036,2016-06-06 15:10:00,0,65.98839421343266,0.056436165017771454
64.9,0.0703,315.0,314036,2016-06-06 15:15:00,0,65.82513508141776,0.05851574026510573
65.0,0.0724,323.0,314036,2016-06-06 15:20:00,0,65.70136481920508,0.06059837922533987
64.9,0.0739,330.0,314036,2016-06-06 15:25:00,0,65.58116009632433,0.0625936223415389
63.8,0.0812,352.0,314036,2016-06-06 15:30:00,0,65.31398608187567,0.06538457899030806
65.0,0.0759,347.0,314036,2016-06-06 15:35:00,0,65.26688816959432,0.06696189214176185
64.8,0.0921,410.0,314036,2016-06-06 15:40:00,0,65.19685494415518,0.07073260832049756
64.0,0.0936,409.0,314036,2016-06-06 15:45:00,0,65.0173267025319,0.07416271707242293
64.4,0.0887,398.0,314036,2016-06-06 15:50:00,0,64.92472769715212,0.07634330951155949
62.6,0.0858,362.0,314036,2016-06-06 15:55:00,0,64.5760185425793,0.07776181308482555
64.3,0.083,382.0,314036,2016-06-06 16:00:00,0,64.53461576119241,0.07854754112210172
64.8,0.0826,374.0,314036,2016-06-06 16:05:00,0,64.57442339701355,0.07915540995378645
64.1,0.092,405.0,314036,2016-06-06 16:10:00,0,64.50325988746151,0.08108209846071848
60.1,0.1111,432.0,314036,2016-06-06 16:15:00,0,63.84277090434228,0.08558478369161071
46.7,0.17800000000000002,395.0,314036,2016-06-06 16:20:00,0,61.27135526869094,0.0994470661378691
34.6,0.2486,376.0,314036,2016-06-06 16:25:00,0,57.27065197838729,0.12182000621718875
39.6,0.11800000000000001,359.0,314036,2016-06-06 16:30:00,0,54.62005418162919,0.12124700528461044
42.2,0.1433,435.0,314036,2016-06-06 16:35:00,0,52.75704605438481,0.12455495449191888
48.3,0.1111,421.0,314036,2016-06-06 16:40:00,0,52.08848914622708,0.12253671131813104
44.4,0.1539,422.0,314036,2016-06-06 16:45:00,0,50.93521577429301,0.12724120462041139
50.3,0.1047,413.0,314036,2016-06-06 16:50:00,0,50.839933408149065,0.12386002392734967
48.1,0.1207,383.0,314036,2016-06-06 16:55:00,0,50.4289433969267,0.12338602033824721
42.2,0.1581,387.0,314036,2016-06-06 17:00:00,0,49.19460188738769,0.1285931172875101
45.0,0.1159,390.0,314036,2016-06-06 17:05:00,0,48.56541160427954,0.12668914969438358
51.6,0.09300000000000001,380.0,314036,2016-06-06 17:10:00,0,49.02059986363761,0.12163577724022605
56.4,0.08800000000000001,378.0,314036,2016-06-06 17:15:00,0,50.127509884091964,0.11659041065419214
60.3,0.0858,390.0,314036,2016-06-06 17:20:00,0,51.65338340147817,0.1119718490560633
62.6,0.0794,364.0,314036,2016-06-06 17:25:00,0,53.29537589125645,0.10708607169765381
63.1,0.0818,367.0,314036,2016-06-06 17:30:00,0,54.76606950756798,0.10329316094300574
63.4,0.0835,372.0,314036,2016-06-06 17:35:00,0,56.06115908143278,0.10032418680155487
64.3,0.0762,349.0,314036,2016-06-06 17:40:00,0,57.29698521921786,0.09670555878132163
64.7,0.073,335.0,314036,2016-06-06 17:45:00,0,58.40743743633518,0.09314972496412338
40.2,0.2059,221.0,314036,2016-06-06 17:50:00,1,55.6763218208849,0.11006226621950486
23.0,0.4396,170.0,314036,2016-06-06 17:55:00,1,50.774873547752165,0.15949292628657913
21.6,0.2335,328.0,314036,2016-06-06 18:00:00,1,46.398642515589344,0.17059398734359227
24.7,0.1821,347.0,314036,2016-06-06 18:05:00,1,43.14384613825094,0.17231988924205344
42.8,0.0659,285.0,314036,2016-06-06 18:10:00,0,43.092269217513305,0.1563569058557454
54.9,0.0576,272.0,314036,2016-06-06 18:15:00,0,44.86342883488631,0.1415433699773836
60.7,0.0538,252.0,314036,2016-06-06 18:20:00,0,47.238914509653355,0.12838186448077604
64.6,0.0592,286.0,314036,2016-06-06 18:25:00,0,49.84307733320535,0.11800458480865963
67.2,0.0434,214.0,314036,2016-06-06 18:30:00,0,52.44661573322455,0.10681389708736069
68.8,0.0465,227.0,314036,2016-06-06 18:35:00,0,54.899623373240864,0.09776681252425658
68.8,0.0456,219.0,314036,2016-06-06 18:40:00,0,56.984679867254734,0.08994179064561808
68.6,0.0487,234.0,314036,2016-06-06 18:45:00,0,58.72697788716652,0.08375552204877537
67.9,0.0404,189.0,314036,2016-06-06 18:50:00,0,60.10293120409154,0.07725219374145906
68.4,0.0419,205.0,314036,2016-06-06 18:55:00,0,61.34749152347781,0.0719493646802402
67.1,0.0377,171.0,314036,2016-06-06 19:00:00,0,62.210367794956134,0.06681195997820416
67.3,0.0363,171.0,314036,2016-06-06 19:05:00,0,62.97381262571271,0.062235165981473536
66.4,0.0346,154.0,314036,2016-06-06 19:10:00,0,63.4877407318558,0.058089891084252505
67.0,0.0408,196.0,314036,2016-06-06 19:15:00,0,64.01457962207743,0.05549640742161463
68.6,0.0288,145.0,314036,2016-06-06 19:20:00,0,64.70239267876582,0.05149194630837243
68.4,0.0324,156.0,314036,2016-06-06 19:25:00,0,65.25703377695095,0.048628154362116566
67.9,0.0331,152.0,314036,2016-06-06 19:30:00,0,65.65347871040831,0.04629893120779908
67.6,0.0294,138.0,314036,2016-06-06 19:35:00,0,65.94545690384706,0.04376409152662921
67.7,0.0281,132.0,314036,2016-06-06 19:40:00,0,66.20863836827,0.041414477797634824
67.8,0.0324,155.0,314036,2016-06-06 19:45:00,0,66.44734261302949,0.0400623061279896
67.2,0.0285,132.0,314036,2016-06-06 19:50:00,0,66.56024122107507,0.03832796020879116
66.2,0.0289,125.0,314036,2016-06-06 19:55:00,0,66.50620503791382,0.03691376617747248
66.3,0.0296,133.0,314036,2016-06-06 20:00:00,0,66.47527428222674,0.03581670125085161
67.2,0.026000000000000002,119.0,314036,2016-06-06 20:05:00,0,66.58398313989272,0.034344196063223864
67.9,0.0281,136.0,314036,2016-06-06 20:10:00,0,66.78138566890881,0.033407566653740284
68.0,0.0239,114.0,314036,2016-06-06 20:15:00,0,66.96417781857248,0.03198143165567924
68.5,0.0247,114.0,314036,2016-06-06 20:20:00,0,67.1945511457866,0.030889216907327353
68.3,0.0223,109.0,314036,2016-06-06 20:25:00,0,67.36036847391861,0.02960083437122825
67.3,0.024,105.0,314036,2016-06-06 20:30:00,0,67.35131320283082,0.02876070921554401
68.0,0.0216,104.0,314036,2016-06-06 20:35:00,0,67.4486162224062,0.027686602833212406
68.8,0.0257,120.0,314036,2016-06-06 20:40:00,0,67.65132378904526,0.027388612408230546
67.7,0.0256,113.0,314036,2016-06-06 20:45:00,0,67.65862522068846,0.027120320546995962
68.3,0.0243,118.0,314036,2016-06-06 20:50:00,0,67.7548314375852,0.026697272464946565
68.3,0.0209,101.0,314036,2016-06-06 20:55:00,0,67.83660672194742,0.025827681595204578
69.1,0.0179,88.0,314036,2016-06-06 21:00:00,0,68.0261157136553,0.02463852935592389
68.1,0.0217,103.0,314036,2016-06-06 21:05:00,0,68.037198356607,0.02419774995253531
68.3,0.0217,100.0,314036,2016-06-06 21:10:00,0,68.07661860311596,0.02382308745965501
67.1,0.025,111.0,314036,2016-06-06 21:15:00,0,67.93012581264857,0.02399962434070676
67.8,0.0184,89.0,314036,2016-06-06 21:20:00,0,67.91060694075128,0.023159680689600743
68.5,0.0231,111.0,314036,2016-06-06 21:25:00,0,67.9990158996386,0.02315072858616063
67.3,0.0283,127.0,314036,2016-06-06 21:30:00,0,67.89416351469279,0.023923119298236532
68.0,0.0213,98.0,314036,2016-06-06 21:35:00,0,67.91003898748887,0.02352965140350105
67.0,0.0248,108.0,314036,2016-06-06 21:40:00,0,67.77353313936554,0.023720203692975894
67.9,0.0187,88.0,314036,2016-06-06 21:45:00,0,67.79250316846071,0.02296717313902951
67.4,0.0224,101.0,314036,2016-06-06 21:50:00,0,67.73362769319161,0.022882097168175082
66.8,0.0213,95.0,314036,2016-06-06 21:55:00,0,67.59358353921286,0.02264478259294882
67.3,0.0205,92.0,314036,2016-06-06 22:00:00,0,67.54954600833094,0.0223230652040065
67.4,0.0209,96.0,314036,2016-06-06 22:05:00,0,67.5271141070813,0.022109605423405523
67.8,0.0163,76.0,314036,2016-06-06 22:10:00,0,67.5680469910191,0.021238164609894694
68.0,0.0179,86.0,314036,2016-06-06 22:15:00,0,67.63283994236623,0.02073743991841049
68.0,0.0172,76.0,314036,2016-06-06 22:20:00,0,67.6879139510113,0.020206823930648914
66.9,0.019,78.0,314036,2016-06-06 22:25:00,0,67.5697268583596,0.020025800341051576
68.0,0.0158,69.0,314036,2016-06-06 22:30:00,0,67.63426782960566,0.01939193028989384
67.8,0.0124,57.0,314036,2016-06-06 22:35:00,0,67.65912765516481,0.018343140746409765
68.6,0.0122,57.0,314036,2016-06-06 22:40:00,0,67.80025850689009,0.0174216696344483
68.6,0.0135,62.0,314036,2016-06-06 22:45:00,0,67.92021973085657,0.016833419189281055
68.1,0.0126,59.0,314036,2016-06-06 22:50:00,0,67.94718677122809,0.016198406310888896
68.9,0.0133,65.0,314036,2016-06-06 22:55:00,0,68.09010875554387,0.01576364536425556
66.1,0.0174,64.0,314036,2016-06-06 23:00:00,0,67.79159244221228,0.016009098559617227
67.8,0.0104,48.0,314036,2016-06-06 23:05:00,0,67.79285357588043,0.015167733775674644
67.5,0.0156,69.0,314036,2016-06-06 23:10:00,0,67.74892553949837,0.015232573709323446
67.9,0.0099,44.0,314036,2016-06-06 23:15:00,0,67.77158670857361,0.014432687652924929
68.3,0.0157,73.0,314036,2016-06-06 23:20:00,0,67.85084870228756,0.014622784504986188
68.4,0.0119,55.0,314036,2016-06-06 23:25:00,0,67.93322139694443,0.01421436682923826
67.9,0.0101,44.0,314036,2016-06-06 23:30:00,0,67.92823818740277,0.01359721180485252
68.6,0.0096,45.0,314036,2016-06-06 23:35:00,0,68.02900245929234,0.012997630034124642
68.5,0.01,42.0,314036,2016-06-06 23:40:00,0,68.0996520903985,0.012547985529005944
67.6,0.0153,66.0,314036,2016-06-06 23:45:00,0,68.02470427683872,0.012960787699655052
68.2,0.0127,57.0,314036,2016-06-06 23:50:00,0,68.05099863531291,0.012921669544706794
